vectors = struct();
vectors.landingQueue_queueTime_0 = [90000 0;91500 0;93000 0;94500 0;96000 0;97500 0;99000 0;100500 0;102000 0;103500 0;105000 0;106500 0;108000 0;109500 0;111000 0;112500 0;114000 0;115500 0;117000 0;118500 0;120000 0;121500 0;123000 0;124500 0;126000 0;127500 0;129000 0;130500 0;132000 0;133500 0;135000 0;136500 0;138000 0;139500 0;141000 0;142500 0;144000 0;145500 0;147000 0;148500 0;150000 0;151500 0;153000 0;154500 0;156000 0;157500 0;159000 0;160500 0;162000 0;163500 0;165000 0;166500 0;168000 0;169500 0;171000 0;172500 0;174000 0;175500 0;177000 0;178500 0;180000 0;181500 0;183000 0;184500 0;186000 0;187500 0;189000 0;190500 0;192000 0;193500 0;195000 0;196500 0;198000 0;199500 0;201000 0;202500 0;204000 0;205500 0;207000 0;208500 0;210000 0;211500 0;213000 0;214500 0;216000 0;217500 0;219000 0;220500 0;222000 0;223500 0;225000 0;226500 0;228000 0;229500 0;231000 0;232500 0;234000 0;235500 0;237000 0;238500 0;240000 0;241500 0;243000 0;244500 0;246000 0;247500 0;249000 0;250500 0;252000 0;253500 0;255000 0;256500 0;258000 0;259500 0;261000 0;262500 0;264000 0;265500 0;267000 0;268500 0;270000 0;271500 0;273000 0;274500 0;276000 0;277500 0;279000 0;280500 0;282000 0;283500 0;285000 0;286500 0;288000 0;289500 0;291000 0;292500 0;294000 0;295500 0;297000 0;298500 0;300000 0;301500 0;303000 0;304500 0;306000 0;307500 0;309000 0;310500 0;312000 0;313500 0;315000 0;316500 0;318000 0;319500 0;321000 0;322500 0;324000 0;325500 0;327000 0;328500 0;330000 0;331500 0;333000 0;334500 0;336000 0;337500 0;339000 0;340500 0;342000 0;343500 0;345000 0;346500 0;348000 0;349500 0;351000 0;352500 0;354000 0;355500 0;357000 0;358500 0;360000 0;361500 0;363000 0;364500 0;366000 0;367500 0;369000 0;370500 0;372000 0;373500 0;375000 0;376500 0;378000 0;379500 0;381000 0;382500 0;384000 0;385500 0;387000 0;388500 0;390000 0;391500 0;393000 0;394500 0;396000 0;397500 0;399000 0;400500 0;402000 0;403500 0;405000 0;406500 0;408000 0;409500 0;411000 0;412500 0;414000 0;415500 0;417000 0;418500 0;420000 0;421500 0;423000 0;424500 0;426000 0;427500 0;429000 0;430500 0;432000 0;433500 0;435000 0;436500 0;438000 0;439500 0;441000 0;442500 0;444000 0;445500 0;447000 0;448500 0;450000 0;451500 0;453000 0;454500 0;456000 0;457500 0;459000 0;460500 0;462000 0;463500 0;465000 0;466500 0;468000 0;469500 0;471000 0;472500 0;474000 0;475500 0;477000 0;478500 0;480000 0;481500 0;483000 0;484500 0;486000 0;487500 0;489000 0;490500 0;492000 0;493500 0;495000 0;496500 0;498000 0;499500 0;501000 0;502500 0;504000 0;505500 0;507000 0;508500 0;510000 0;511500 0;513000 0;514500 0;516000 0;517500 0;519000 0;520500 0;522000 0;523500 0;525000 0;526500 0;528000 0;529500 0;531000 0;532500 0;534000 0;535500 0;537000 0;538500 0;540000 0;541500 0;543000 0;544500 0;546000 0;547500 0;549000 0;550500 0;552000 0;553500 0;555000 0;556500 0;558000 0;559500 0;561000 0;562500 0;564000 0;565500 0;567000 0;568500 0;570000 0;571500 0;573000 0;574500 0;576000 0;577500 0;579000 0;580500 0;582000 0;583500 0;585000 0;586500 0;588000 0;589500 0;591000 0;592500 0;594000 0;595500 0;597000 0;598500 0;600000 0;601500 0;603000 0;604500 0;606000 0;607500 0;609000 0;610500 0;612000 0;613500 0;615000 0;616500 0;618000 0;619500 0;621000 0;622500 0;624000 0;625500 0;627000 0;628500 0;630000 0;631500 0;633000 0;634500 0;636000 0;637500 0;639000 0;640500 0;642000 0;643500 0;645000 0;646500 0;648000 0;649500 0;651000 0;652500 0;654000 0;655500 0;657000 0;658500 0;660000 0;661500 0;663000 0;664500 0;666000 0;667500 0;669000 0;670500 0;672000 0;673500 0;675000 0;676500 0;678000 0;679500 0;681000 0;682500 0;684000 0;685500 0;687000 0;688500 0;690000 0;691500 0;693000 0;694500 0;696000 0;697500 0;699000 0;700500 0;702000 0;703500 0;705000 0;706500 0;708000 0;709500 0;711000 0;712500 0;714000 0;715500 0;717000 0;718500 0;720000 0;721500 0;723000 0;724500 0;726000 0;727500 0;729000 0;730500 0;732000 0;733500 0;735000 0;736500 0;738000 0;739500 0;741000 0;742500 0;744000 0;745500 0;747000 0;748500 0;750000 0;751500 0;753000 0;754500 0;756000 0;757500 0;759000 0;760500 0;762000 0;763500 0;765000 0;766500 0;768000 0;769500 0;771000 0;772500 0;774000 0;775500 0;777000 0;778500 0;780000 0;781500 0;783000 0;784500 0;786000 0;787500 0;789000 0;790500 0;792000 0;793500 0;795000 0;796500 0;798000 0;799500 0;801000 0;802500 0;804000 0;805500 0;807000 0;808500 0;810000 0;811500 0;813000 0;814500 0;816000 0;817500 0;819000 0;820500 0;822000 0;823500 0;825000 0;826500 0;828000 0;829500 0;831000 0;832500 0;834000 0;835500 0;837000 0;838500 0;840000 0;841500 0;843000 0;844500 0;846000 0;847500 0;849000 0;850500 0;852000 0;853500 0;855000 0;856500 0;858000 0;859500 0;861000 0;862500 0;864000 0;865500 0;867000 0;868500 0;870000 0;871500 0;873000 0;874500 0;876000 0;877500 0;879000 0;880500 0;882000 0;883500 0;885000 0;886500 0;888000 0;889500 0;891000 0;892500 0;894000 0;895500 0;897000 0;898500 0;900000 0;901500 0;903000 0;904500 0;906000 0;907500 0;909000 0;910500 0;912000 0;913500 0;915000 0;916500 0;918000 0;919500 0;921000 0;922500 0;924000 0;925500 0;927000 0;928500 0;930000 0;931500 0;933000 0;934500 0;936000 0;937500 0;939000 0;940500 0;942000 0;943500 0;945000 0;946500 0;948000 0;949500 0;];
vectors.size = 1;
