vectors = struct();
vectors.parkingLot_parkingOccupancy_0 = [90000 1;90300 2;91500 1;91800 2;93000 1;93300 2;94500 1;94800 2;96000 1;96300 2;97500 1;97800 2;99000 1;99300 2;100500 1;100800 2;102000 1;102300 2;103500 1;103800 2;105000 1;105300 2;106500 1;106800 2;108000 1;108300 2;109500 1;109800 2;111000 1;111300 2;112500 1;112800 2;114000 1;114300 2;115500 1;115800 2;117000 1;117300 2;118500 1;118800 2;120000 1;120300 2;121500 1;121800 2;123000 1;123300 2;124500 1;124800 2;126000 1;126300 2;127500 1;127800 2;129000 1;129300 2;130500 1;130800 2;132000 1;132300 2;133500 1;133800 2;135000 1;135300 2;136500 1;136800 2;138000 1;138300 2;139500 1;139800 2;141000 1;141300 2;142500 1;142800 2;144000 1;144300 2;145500 1;145800 2;147000 1;147300 2;148500 1;148800 2;150000 1;150300 2;151500 1;151800 2;153000 1;153300 2;154500 1;154800 2;156000 1;156300 2;157500 1;157800 2;159000 1;159300 2;160500 1;160800 2;162000 1;162300 2;163500 1;163800 2;165000 1;165300 2;166500 1;166800 2;168000 1;168300 2;169500 1;169800 2;171000 1;171300 2;172500 1;172800 2;174000 1;174300 2;175500 1;175800 2;177000 1;177300 2;178500 1;178800 2;180000 1;180300 2;181500 1;181800 2;183000 1;183300 2;184500 1;184800 2;186000 1;186300 2;187500 1;187800 2;189000 1;189300 2;190500 1;190800 2;192000 1;192300 2;193500 1;193800 2;195000 1;195300 2;196500 1;196800 2;198000 1;198300 2;199500 1;199800 2;201000 1;201300 2;202500 1;202800 2;204000 1;204300 2;205500 1;205800 2;207000 1;207300 2;208500 1;208800 2;210000 1;210300 2;211500 1;211800 2;213000 1;213300 2;214500 1;214800 2;216000 1;216300 2;217500 1;217800 2;219000 1;219300 2;220500 1;220800 2;222000 1;222300 2;223500 1;223800 2;225000 1;225300 2;226500 1;226800 2;228000 1;228300 2;229500 1;229800 2;231000 1;231300 2;232500 1;232800 2;234000 1;234300 2;235500 1;235800 2;237000 1;237300 2;238500 1;238800 2;240000 1;240300 2;241500 1;241800 2;243000 1;243300 2;244500 1;244800 2;246000 1;246300 2;247500 1;247800 2;249000 1;249300 2;250500 1;250800 2;252000 1;252300 2;253500 1;253800 2;255000 1;255300 2;256500 1;256800 2;258000 1;258300 2;259500 1;259800 2;261000 1;261300 2;262500 1;262800 2;264000 1;264300 2;265500 1;265800 2;267000 1;267300 2;268500 1;268800 2;270000 1;270300 2;271500 1;271800 2;273000 1;273300 2;274500 1;274800 2;276000 1;276300 2;277500 1;277800 2;279000 1;279300 2;280500 1;280800 2;282000 1;282300 2;283500 1;283800 2;285000 1;285300 2;286500 1;286800 2;288000 1;288300 2;289500 1;289800 2;291000 1;291300 2;292500 1;292800 2;294000 1;294300 2;295500 1;295800 2;297000 1;297300 2;298500 1;298800 2;300000 1;300300 2;301500 1;301800 2;303000 1;303300 2;304500 1;304800 2;306000 1;306300 2;307500 1;307800 2;309000 1;309300 2;310500 1;310800 2;312000 1;312300 2;313500 1;313800 2;315000 1;315300 2;316500 1;316800 2;318000 1;318300 2;319500 1;319800 2;321000 1;321300 2;322500 1;322800 2;324000 1;324300 2;325500 1;325800 2;327000 1;327300 2;328500 1;328800 2;330000 1;330300 2;331500 1;331800 2;333000 1;333300 2;334500 1;334800 2;336000 1;336300 2;337500 1;337800 2;339000 1;339300 2;340500 1;340800 2;342000 1;342300 2;343500 1;343800 2;345000 1;345300 2;346500 1;346800 2;348000 1;348300 2;349500 1;349800 2;351000 1;351300 2;352500 1;352800 2;354000 1;354300 2;355500 1;355800 2;357000 1;357300 2;358500 1;358800 2;360000 1;360300 2;361500 1;361800 2;363000 1;363300 2;364500 1;364800 2;366000 1;366300 2;367500 1;367800 2;369000 1;369300 2;370500 1;370800 2;372000 1;372300 2;373500 1;373800 2;375000 1;375300 2;376500 1;376800 2;378000 1;378300 2;379500 1;379800 2;381000 1;381300 2;382500 1;382800 2;384000 1;384300 2;385500 1;385800 2;387000 1;387300 2;388500 1;388800 2;390000 1;390300 2;391500 1;391800 2;393000 1;393300 2;394500 1;394800 2;396000 1;396300 2;397500 1;397800 2;399000 1;399300 2;400500 1;400800 2;402000 1;402300 2;403500 1;403800 2;405000 1;405300 2;406500 1;406800 2;408000 1;408300 2;409500 1;409800 2;411000 1;411300 2;412500 1;412800 2;414000 1;414300 2;415500 1;415800 2;417000 1;417300 2;418500 1;418800 2;420000 1;420300 2;421500 1;421800 2;423000 1;423300 2;424500 1;424800 2;426000 1;426300 2;427500 1;427800 2;429000 1;429300 2;430500 1;430800 2;432000 1;432300 2;433500 1;433800 2;435000 1;435300 2;436500 1;436800 2;438000 1;438300 2;439500 1;439800 2;441000 1;441300 2;442500 1;442800 2;444000 1;444300 2;445500 1;445800 2;447000 1;447300 2;448500 1;448800 2;450000 1;450300 2;451500 1;451800 2;453000 1;453300 2;454500 1;454800 2;456000 1;456300 2;457500 1;457800 2;459000 1;459300 2;460500 1;460800 2;462000 1;462300 2;463500 1;463800 2;465000 1;465300 2;466500 1;466800 2;468000 1;468300 2;469500 1;469800 2;471000 1;471300 2;472500 1;472800 2;474000 1;474300 2;475500 1;475800 2;477000 1;477300 2;478500 1;478800 2;480000 1;480300 2;481500 1;481800 2;483000 1;483300 2;484500 1;484800 2;486000 1;486300 2;487500 1;487800 2;489000 1;489300 2;490500 1;490800 2;492000 1;492300 2;493500 1;493800 2;495000 1;495300 2;496500 1;496800 2;498000 1;498300 2;499500 1;499800 2;501000 1;501300 2;502500 1;502800 2;504000 1;504300 2;505500 1;505800 2;507000 1;507300 2;508500 1;508800 2;510000 1;510300 2;511500 1;511800 2;513000 1;513300 2;514500 1;514800 2;516000 1;516300 2;517500 1;517800 2;519000 1;519300 2;520500 1;520800 2;522000 1;522300 2;523500 1;523800 2;525000 1;525300 2;526500 1;526800 2;528000 1;528300 2;529500 1;529800 2;531000 1;531300 2;532500 1;532800 2;534000 1;534300 2;535500 1;535800 2;537000 1;537300 2;538500 1;538800 2;540000 1;540300 2;541500 1;541800 2;543000 1;543300 2;544500 1;544800 2;546000 1;546300 2;547500 1;547800 2;549000 1;549300 2;550500 1;550800 2;552000 1;552300 2;553500 1;553800 2;555000 1;555300 2;556500 1;556800 2;558000 1;558300 2;559500 1;559800 2;561000 1;561300 2;562500 1;562800 2;564000 1;564300 2;565500 1;565800 2;567000 1;567300 2;568500 1;568800 2;570000 1;570300 2;571500 1;571800 2;573000 1;573300 2;574500 1;574800 2;576000 1;576300 2;577500 1;577800 2;579000 1;579300 2;580500 1;580800 2;582000 1;582300 2;583500 1;583800 2;585000 1;585300 2;586500 1;586800 2;588000 1;588300 2;589500 1;589800 2;591000 1;591300 2;592500 1;592800 2;594000 1;594300 2;595500 1;595800 2;597000 1;597300 2;598500 1;598800 2;600000 1;600300 2;601500 1;601800 2;603000 1;603300 2;604500 1;604800 2;606000 1;606300 2;607500 1;607800 2;609000 1;609300 2;610500 1;610800 2;612000 1;612300 2;613500 1;613800 2;615000 1;615300 2;616500 1;616800 2;618000 1;618300 2;619500 1;619800 2;621000 1;621300 2;622500 1;622800 2;624000 1;624300 2;625500 1;625800 2;627000 1;627300 2;628500 1;628800 2;630000 1;630300 2;631500 1;631800 2;633000 1;633300 2;634500 1;634800 2;636000 1;636300 2;637500 1;637800 2;639000 1;639300 2;640500 1;640800 2;642000 1;642300 2;643500 1;643800 2;645000 1;645300 2;646500 1;646800 2;648000 1;648300 2;649500 1;649800 2;651000 1;651300 2;652500 1;652800 2;654000 1;654300 2;655500 1;655800 2;657000 1;657300 2;658500 1;658800 2;660000 1;660300 2;661500 1;661800 2;663000 1;663300 2;664500 1;664800 2;666000 1;666300 2;667500 1;667800 2;669000 1;669300 2;670500 1;670800 2;672000 1;672300 2;673500 1;673800 2;675000 1;675300 2;676500 1;676800 2;678000 1;678300 2;679500 1;679800 2;681000 1;681300 2;682500 1;682800 2;684000 1;684300 2;685500 1;685800 2;687000 1;687300 2;688500 1;688800 2;690000 1;690300 2;691500 1;691800 2;693000 1;693300 2;694500 1;694800 2;696000 1;696300 2;697500 1;697800 2;699000 1;699300 2;700500 1;700800 2;702000 1;702300 2;703500 1;703800 2;705000 1;705300 2;706500 1;706800 2;708000 1;708300 2;709500 1;709800 2;711000 1;711300 2;712500 1;712800 2;714000 1;714300 2;715500 1;715800 2;717000 1;717300 2;718500 1;718800 2;720000 1;720300 2;721500 1;721800 2;723000 1;723300 2;724500 1;724800 2;726000 1;726300 2;727500 1;727800 2;729000 1;729300 2;730500 1;730800 2;732000 1;732300 2;733500 1;733800 2;735000 1;735300 2;736500 1;736800 2;738000 1;738300 2;739500 1;739800 2;741000 1;741300 2;742500 1;742800 2;744000 1;744300 2;745500 1;745800 2;747000 1;747300 2;748500 1;748800 2;750000 1;750300 2;751500 1;