vectors = struct();
vectors.landingQueue_queueLength_0 = [90000 1;90000 0;91500 1;91500 0;93000 1;93000 0;94500 1;94500 0;96000 1;96000 0;97500 1;97500 0;99000 1;99000 0;100500 1;100500 0;102000 1;102000 0;103500 1;103500 0;105000 1;105000 0;106500 1;106500 0;108000 1;108000 0;109500 1;109500 0;111000 1;111000 0;112500 1;112500 0;114000 1;114000 0;115500 1;115500 0;117000 1;117000 0;118500 1;118500 0;120000 1;120000 0;121500 1;121500 0;123000 1;123000 0;124500 1;124500 0;126000 1;126000 0;127500 1;127500 0;129000 1;129000 0;130500 1;130500 0;132000 1;132000 0;133500 1;133500 0;135000 1;135000 0;136500 1;136500 0;138000 1;138000 0;139500 1;139500 0;141000 1;141000 0;142500 1;142500 0;144000 1;144000 0;145500 1;145500 0;147000 1;147000 0;148500 1;148500 0;150000 1;150000 0;151500 1;151500 0;153000 1;153000 0;154500 1;154500 0;156000 1;156000 0;157500 1;157500 0;159000 1;159000 0;160500 1;160500 0;162000 1;162000 0;163500 1;163500 0;165000 1;165000 0;166500 1;166500 0;168000 1;168000 0;169500 1;169500 0;171000 1;171000 0;172500 1;172500 0;174000 1;174000 0;175500 1;175500 0;177000 1;177000 0;178500 1;178500 0;180000 1;180000 0;181500 1;181500 0;183000 1;183000 0;184500 1;184500 0;186000 1;186000 0;187500 1;187500 0;189000 1;189000 0;190500 1;190500 0;192000 1;192000 0;193500 1;193500 0;195000 1;195000 0;196500 1;196500 0;198000 1;198000 0;199500 1;199500 0;201000 1;201000 0;202500 1;202500 0;204000 1;204000 0;205500 1;205500 0;207000 1;207000 0;208500 1;208500 0;210000 1;210000 0;211500 1;211500 0;213000 1;213000 0;214500 1;214500 0;216000 1;216000 0;217500 1;217500 0;219000 1;219000 0;220500 1;220500 0;222000 1;222000 0;223500 1;223500 0;225000 1;225000 0;226500 1;226500 0;228000 1;228000 0;229500 1;229500 0;231000 1;231000 0;232500 1;232500 0;234000 1;234000 0;235500 1;235500 0;237000 1;237000 0;238500 1;238500 0;240000 1;240000 0;241500 1;241500 0;243000 1;243000 0;244500 1;244500 0;246000 1;246000 0;247500 1;247500 0;249000 1;249000 0;250500 1;250500 0;252000 1;252000 0;253500 1;253500 0;255000 1;255000 0;256500 1;256500 0;258000 1;258000 0;259500 1;259500 0;261000 1;261000 0;262500 1;262500 0;264000 1;264000 0;265500 1;265500 0;267000 1;267000 0;268500 1;268500 0;270000 1;270000 0;271500 1;271500 0;273000 1;273000 0;274500 1;274500 0;276000 1;276000 0;277500 1;277500 0;279000 1;279000 0;280500 1;280500 0;282000 1;282000 0;283500 1;283500 0;285000 1;285000 0;286500 1;286500 0;288000 1;288000 0;289500 1;289500 0;291000 1;291000 0;292500 1;292500 0;294000 1;294000 0;295500 1;295500 0;297000 1;297000 0;298500 1;298500 0;300000 1;300000 0;301500 1;301500 0;303000 1;303000 0;304500 1;304500 0;306000 1;306000 0;307500 1;307500 0;309000 1;309000 0;310500 1;310500 0;312000 1;312000 0;313500 1;313500 0;315000 1;315000 0;316500 1;316500 0;318000 1;318000 0;319500 1;319500 0;321000 1;321000 0;322500 1;322500 0;324000 1;324000 0;325500 1;325500 0;327000 1;327000 0;328500 1;328500 0;330000 1;330000 0;331500 1;331500 0;333000 1;333000 0;334500 1;334500 0;336000 1;336000 0;337500 1;337500 0;339000 1;339000 0;340500 1;340500 0;342000 1;342000 0;343500 1;343500 0;345000 1;345000 0;346500 1;346500 0;348000 1;348000 0;349500 1;349500 0;351000 1;351000 0;352500 1;352500 0;354000 1;354000 0;355500 1;355500 0;357000 1;357000 0;358500 1;358500 0;360000 1;360000 0;361500 1;361500 0;363000 1;363000 0;364500 1;364500 0;366000 1;366000 0;367500 1;367500 0;369000 1;369000 0;370500 1;370500 0;372000 1;372000 0;373500 1;373500 0;375000 1;375000 0;376500 1;376500 0;378000 1;378000 0;379500 1;379500 0;381000 1;381000 0;382500 1;382500 0;384000 1;384000 0;385500 1;385500 0;387000 1;387000 0;388500 1;388500 0;390000 1;390000 0;391500 1;391500 0;393000 1;393000 0;394500 1;394500 0;396000 1;396000 0;397500 1;397500 0;399000 1;399000 0;400500 1;400500 0;402000 1;402000 0;403500 1;403500 0;405000 1;405000 0;406500 1;406500 0;408000 1;408000 0;409500 1;409500 0;411000 1;411000 0;412500 1;412500 0;414000 1;414000 0;415500 1;415500 0;417000 1;417000 0;418500 1;418500 0;420000 1;420000 0;421500 1;421500 0;423000 1;423000 0;424500 1;424500 0;426000 1;426000 0;427500 1;427500 0;429000 1;429000 0;430500 1;430500 0;432000 1;432000 0;433500 1;433500 0;435000 1;435000 0;436500 1;436500 0;438000 1;438000 0;439500 1;439500 0;441000 1;441000 0;442500 1;442500 0;444000 1;444000 0;445500 1;445500 0;447000 1;447000 0;448500 1;448500 0;450000 1;450000 0;451500 1;451500 0;453000 1;453000 0;454500 1;454500 0;456000 1;456000 0;457500 1;457500 0;459000 1;459000 0;460500 1;460500 0;462000 1;462000 0;463500 1;463500 0;465000 1;465000 0;466500 1;466500 0;468000 1;468000 0;469500 1;469500 0;471000 1;471000 0;472500 1;472500 0;474000 1;474000 0;475500 1;475500 0;477000 1;477000 0;478500 1;478500 0;480000 1;480000 0;481500 1;481500 0;483000 1;483000 0;484500 1;484500 0;486000 1;486000 0;487500 1;487500 0;489000 1;489000 0;490500 1;490500 0;492000 1;492000 0;493500 1;493500 0;495000 1;495000 0;496500 1;496500 0;498000 1;498000 0;499500 1;499500 0;501000 1;501000 0;502500 1;502500 0;504000 1;504000 0;505500 1;505500 0;507000 1;507000 0;508500 1;508500 0;510000 1;510000 0;511500 1;511500 0;513000 1;513000 0;514500 1;514500 0;516000 1;516000 0;517500 1;517500 0;519000 1;519000 0;520500 1;520500 0;522000 1;522000 0;523500 1;523500 0;525000 1;525000 0;526500 1;526500 0;528000 1;528000 0;529500 1;529500 0;531000 1;531000 0;532500 1;532500 0;534000 1;534000 0;535500 1;535500 0;537000 1;537000 0;538500 1;538500 0;540000 1;540000 0;541500 1;541500 0;543000 1;543000 0;544500 1;544500 0;546000 1;546000 0;547500 1;547500 0;549000 1;549000 0;550500 1;550500 0;552000 1;552000 0;553500 1;553500 0;555000 1;555000 0;556500 1;556500 0;558000 1;558000 0;559500 1;559500 0;561000 1;561000 0;562500 1;562500 0;564000 1;564000 0;565500 1;565500 0;567000 1;567000 0;568500 1;568500 0;570000 1;570000 0;571500 1;571500 0;573000 1;573000 0;574500 1;574500 0;576000 1;576000 0;577500 1;577500 0;579000 1;579000 0;580500 1;580500 0;582000 1;582000 0;583500 1;583500 0;585000 1;585000 0;586500 1;586500 0;588000 1;588000 0;589500 1;589500 0;591000 1;591000 0;592500 1;592500 0;594000 1;594000 0;595500 1;595500 0;597000 1;597000 0;598500 1;598500 0;600000 1;600000 0;601500 1;601500 0;603000 1;603000 0;604500 1;604500 0;606000 1;606000 0;607500 1;607500 0;609000 1;609000 0;610500 1;610500 0;612000 1;612000 0;613500 1;613500 0;615000 1;615000 0;616500 1;616500 0;618000 1;618000 0;619500 1;619500 0;621000 1;621000 0;622500 1;622500 0;624000 1;624000 0;625500 1;625500 0;627000 1;627000 0;628500 1;628500 0;630000 1;630000 0;631500 1;631500 0;633000 1;633000 0;634500 1;634500 0;636000 1;636000 0;637500 1;637500 0;639000 1;639000 0;640500 1;640500 0;642000 1;642000 0;643500 1;643500 0;645000 1;645000 0;646500 1;646500 0;648000 1;648000 0;649500 1;649500 0;651000 1;651000 0;652500 1;652500 0;654000 1;654000 0;655500 1;655500 0;657000 1;657000 0;658500 1;658500 0;660000 1;660000 0;661500 1;661500 0;663000 1;663000 0;664500 1;664500 0;666000 1;666000 0;667500 1;667500 0;669000 1;669000 0;670500 1;670500 0;672000 1;672000 0;673500 1;673500 0;675000 1;675000 0;676500 1;676500 0;678000 1;678000 0;679500 1;679500 0;681000 1;681000 0;682500 1;682500 0;684000 1;684000 0;685500 1;685500 0;687000 1;687000 0;688500 1;688500 0;690000 1;690000 0;691500 1;691500 0;693000 1;693000 0;694500 1;694500 0;696000 1;696000 0;697500 1;697500 0;699000 1;699000 0;700500 1;700500 0;702000 1;702000 0;703500 1;703500 0;705000 1;705000 0;706500 1;706500 0;708000 1;708000 0;709500 1;709500 0;711000 1;711000 0;712500 1;712500 0;714000 1;714000 0;715500 1;715500 0;717000 1;717000 0;718500 1;718500 0;720000 1;720000 0;721500 1;721500 0;723000 1;723000 0;724500 1;724500 0;726000 1;726000 0;727500 1;727500 0;729000 1;729000 0;730500 1;730500 0;732000 1;732000 0;733500 1;733500 0;735000 1;735000 0;736500 1;736500 0;738000 1;738000 0;739500 1;739500 0;741000 1;741000 0;742500 1;742500 0;744000 1;744000 0;745500 1;745500 0;747000 1;747000 0;748500 1;748500 0;750000 1;750000 0;751500 1;751500 0;