vectors = struct();
vectors.takeoffQueue_queueLength_0 = [90000 1;90300 0;91500 1;91800 0;93000 1;93300 0;94500 1;94800 0;96000 1;96300 0;97500 1;97800 0;99000 1;99300 0;100500 1;100800 0;102000 1;102300 0;103500 1;103800 0;105000 1;105300 0;106500 1;106800 0;108000 1;108300 0;109500 1;109800 0;111000 1;111300 0;112500 1;112800 0;114000 1;114300 0;115500 1;115800 0;117000 1;117300 0;118500 1;118800 0;120000 1;120300 0;121500 1;121800 0;123000 1;123300 0;124500 1;124800 0;126000 1;126300 0;127500 1;127800 0;129000 1;129300 0;130500 1;130800 0;132000 1;132300 0;133500 1;133800 0;135000 1;135300 0;136500 1;136800 0;138000 1;138300 0;139500 1;139800 0;141000 1;141300 0;142500 1;142800 0;144000 1;144300 0;145500 1;145800 0;147000 1;147300 0;148500 1;148800 0;150000 1;150300 0;151500 1;151800 0;153000 1;153300 0;154500 1;154800 0;156000 1;156300 0;157500 1;157800 0;159000 1;159300 0;160500 1;160800 0;162000 1;162300 0;163500 1;163800 0;165000 1;165300 0;166500 1;166800 0;168000 1;168300 0;169500 1;169800 0;171000 1;171300 0;172500 1;172800 0;174000 1;174300 0;175500 1;175800 0;177000 1;177300 0;178500 1;178800 0;180000 1;180300 0;181500 1;181800 0;183000 1;183300 0;184500 1;184800 0;186000 1;186300 0;187500 1;187800 0;189000 1;189300 0;190500 1;190800 0;192000 1;192300 0;193500 1;193800 0;195000 1;195300 0;196500 1;196800 0;198000 1;198300 0;199500 1;199800 0;201000 1;201300 0;202500 1;202800 0;204000 1;204300 0;205500 1;205800 0;207000 1;207300 0;208500 1;208800 0;210000 1;210300 0;211500 1;211800 0;213000 1;213300 0;214500 1;214800 0;216000 1;216300 0;217500 1;217800 0;219000 1;219300 0;220500 1;220800 0;222000 1;222300 0;223500 1;223800 0;225000 1;225300 0;226500 1;226800 0;228000 1;228300 0;229500 1;229800 0;231000 1;231300 0;232500 1;232800 0;234000 1;234300 0;235500 1;235800 0;237000 1;237300 0;238500 1;238800 0;240000 1;240300 0;241500 1;241800 0;243000 1;243300 0;244500 1;244800 0;246000 1;246300 0;247500 1;247800 0;249000 1;249300 0;250500 1;250800 0;252000 1;252300 0;253500 1;253800 0;255000 1;255300 0;256500 1;256800 0;258000 1;258300 0;259500 1;259800 0;261000 1;261300 0;262500 1;262800 0;264000 1;264300 0;265500 1;265800 0;267000 1;267300 0;268500 1;268800 0;270000 1;270300 0;271500 1;271800 0;273000 1;273300 0;274500 1;274800 0;276000 1;276300 0;277500 1;277800 0;279000 1;279300 0;280500 1;280800 0;282000 1;282300 0;283500 1;283800 0;285000 1;285300 0;286500 1;286800 0;288000 1;288300 0;289500 1;289800 0;291000 1;291300 0;292500 1;292800 0;294000 1;294300 0;295500 1;295800 0;297000 1;297300 0;298500 1;298800 0;300000 1;300300 0;301500 1;301800 0;303000 1;303300 0;304500 1;304800 0;306000 1;306300 0;307500 1;307800 0;309000 1;309300 0;310500 1;310800 0;312000 1;312300 0;313500 1;313800 0;315000 1;315300 0;316500 1;316800 0;318000 1;318300 0;319500 1;319800 0;321000 1;321300 0;322500 1;322800 0;324000 1;324300 0;325500 1;325800 0;327000 1;327300 0;328500 1;328800 0;330000 1;330300 0;331500 1;331800 0;333000 1;333300 0;334500 1;334800 0;336000 1;336300 0;337500 1;337800 0;339000 1;339300 0;340500 1;340800 0;342000 1;342300 0;343500 1;343800 0;345000 1;345300 0;346500 1;346800 0;348000 1;348300 0;349500 1;349800 0;351000 1;351300 0;352500 1;352800 0;354000 1;354300 0;355500 1;355800 0;357000 1;357300 0;358500 1;358800 0;360000 1;360300 0;361500 1;361800 0;363000 1;363300 0;364500 1;364800 0;366000 1;366300 0;367500 1;367800 0;369000 1;369300 0;370500 1;370800 0;372000 1;372300 0;373500 1;373800 0;375000 1;375300 0;376500 1;376800 0;378000 1;378300 0;379500 1;379800 0;381000 1;381300 0;382500 1;382800 0;384000 1;384300 0;385500 1;385800 0;387000 1;387300 0;388500 1;388800 0;390000 1;390300 0;391500 1;391800 0;393000 1;393300 0;394500 1;394800 0;396000 1;396300 0;397500 1;397800 0;399000 1;399300 0;400500 1;400800 0;402000 1;402300 0;403500 1;403800 0;405000 1;405300 0;406500 1;406800 0;408000 1;408300 0;409500 1;409800 0;411000 1;411300 0;412500 1;412800 0;414000 1;414300 0;415500 1;415800 0;417000 1;417300 0;418500 1;418800 0;420000 1;420300 0;421500 1;421800 0;423000 1;423300 0;424500 1;424800 0;426000 1;426300 0;427500 1;427800 0;429000 1;429300 0;430500 1;430800 0;432000 1;432300 0;433500 1;433800 0;435000 1;435300 0;436500 1;436800 0;438000 1;438300 0;439500 1;439800 0;441000 1;441300 0;442500 1;442800 0;444000 1;444300 0;445500 1;445800 0;447000 1;447300 0;448500 1;448800 0;450000 1;450300 0;451500 1;451800 0;453000 1;453300 0;454500 1;454800 0;456000 1;456300 0;457500 1;457800 0;459000 1;459300 0;460500 1;460800 0;462000 1;462300 0;463500 1;463800 0;465000 1;465300 0;466500 1;466800 0;468000 1;468300 0;469500 1;469800 0;471000 1;471300 0;472500 1;472800 0;474000 1;474300 0;475500 1;475800 0;477000 1;477300 0;478500 1;478800 0;480000 1;480300 0;481500 1;481800 0;483000 1;483300 0;484500 1;484800 0;486000 1;486300 0;487500 1;487800 0;489000 1;489300 0;490500 1;490800 0;492000 1;492300 0;493500 1;493800 0;495000 1;495300 0;496500 1;496800 0;498000 1;498300 0;499500 1;499800 0;501000 1;501300 0;502500 1;502800 0;504000 1;504300 0;505500 1;505800 0;507000 1;507300 0;508500 1;508800 0;510000 1;510300 0;511500 1;511800 0;513000 1;513300 0;514500 1;514800 0;516000 1;516300 0;517500 1;517800 0;519000 1;519300 0;520500 1;520800 0;522000 1;522300 0;523500 1;523800 0;525000 1;525300 0;526500 1;526800 0;528000 1;528300 0;529500 1;529800 0;531000 1;531300 0;532500 1;532800 0;534000 1;534300 0;535500 1;535800 0;537000 1;537300 0;538500 1;538800 0;540000 1;540300 0;541500 1;541800 0;543000 1;543300 0;544500 1;544800 0;546000 1;546300 0;547500 1;547800 0;549000 1;549300 0;550500 1;550800 0;552000 1;552300 0;553500 1;553800 0;555000 1;555300 0;556500 1;556800 0;558000 1;558300 0;559500 1;559800 0;561000 1;561300 0;562500 1;562800 0;564000 1;564300 0;565500 1;565800 0;567000 1;567300 0;568500 1;568800 0;570000 1;570300 0;571500 1;571800 0;573000 1;573300 0;574500 1;574800 0;576000 1;576300 0;577500 1;577800 0;579000 1;579300 0;580500 1;580800 0;582000 1;582300 0;583500 1;583800 0;585000 1;585300 0;586500 1;586800 0;588000 1;588300 0;589500 1;589800 0;591000 1;591300 0;592500 1;592800 0;594000 1;594300 0;595500 1;595800 0;597000 1;597300 0;598500 1;598800 0;600000 1;600300 0;601500 1;601800 0;603000 1;603300 0;604500 1;604800 0;606000 1;606300 0;607500 1;607800 0;609000 1;609300 0;610500 1;610800 0;612000 1;612300 0;613500 1;613800 0;615000 1;615300 0;616500 1;616800 0;618000 1;618300 0;619500 1;619800 0;621000 1;621300 0;622500 1;622800 0;624000 1;624300 0;625500 1;625800 0;627000 1;627300 0;628500 1;628800 0;630000 1;630300 0;631500 1;631800 0;633000 1;633300 0;634500 1;634800 0;636000 1;636300 0;637500 1;637800 0;639000 1;639300 0;640500 1;640800 0;642000 1;642300 0;643500 1;643800 0;645000 1;645300 0;646500 1;646800 0;648000 1;648300 0;649500 1;649800 0;651000 1;651300 0;652500 1;652800 0;654000 1;654300 0;655500 1;655800 0;657000 1;657300 0;658500 1;658800 0;660000 1;660300 0;661500 1;661800 0;663000 1;663300 0;664500 1;664800 0;666000 1;666300 0;667500 1;667800 0;669000 1;669300 0;670500 1;670800 0;672000 1;672300 0;673500 1;673800 0;675000 1;675300 0;676500 1;676800 0;678000 1;678300 0;679500 1;679800 0;681000 1;681300 0;682500 1;682800 0;684000 1;684300 0;685500 1;685800 0;687000 1;687300 0;688500 1;688800 0;690000 1;690300 0;691500 1;691800 0;693000 1;693300 0;694500 1;694800 0;696000 1;696300 0;697500 1;697800 0;699000 1;699300 0;700500 1;700800 0;702000 1;702300 0;703500 1;703800 0;705000 1;705300 0;706500 1;706800 0;708000 1;708300 0;709500 1;709800 0;711000 1;711300 0;712500 1;712800 0;714000 1;714300 0;715500 1;715800 0;717000 1;717300 0;718500 1;718800 0;720000 1;720300 0;721500 1;721800 0;723000 1;723300 0;724500 1;724800 0;726000 1;726300 0;727500 1;727800 0;729000 1;729300 0;730500 1;730800 0;732000 1;732300 0;733500 1;733800 0;735000 1;735300 0;736500 1;736800 0;738000 1;738300 0;739500 1;739800 0;741000 1;741300 0;742500 1;742800 0;744000 1;744300 0;745500 1;745800 0;747000 1;747300 0;748500 1;748800 0;750000 1;750300 0;751500 1;751800 0;