vectors = struct();
vectors.takeoffQueue_queueTime_0 = [90300 300;91800 300;93300 300;94800 300;96300 300;97800 300;99300 300;100800 300;102300 300;103800 300;105300 300;106800 300;108300 300;109800 300;111300 300;112800 300;114300 300;115800 300;117300 300;118800 300;120300 300;121800 300;123300 300;124800 300;126300 300;127800 300;129300 300;130800 300;132300 300;133800 300;135300 300;136800 300;138300 300;139800 300;141300 300;142800 300;144300 300;145800 300;147300 300;148800 300;150300 300;151800 300;153300 300;154800 300;156300 300;157800 300;159300 300;160800 300;162300 300;163800 300;165300 300;166800 300;168300 300;169800 300;171300 300;172800 300;174300 300;175800 300;177300 300;178800 300;180300 300;181800 300;183300 300;184800 300;186300 300;187800 300;189300 300;190800 300;192300 300;193800 300;195300 300;196800 300;198300 300;199800 300;201300 300;202800 300;204300 300;205800 300;207300 300;208800 300;210300 300;211800 300;213300 300;214800 300;216300 300;217800 300;219300 300;220800 300;222300 300;223800 300;225300 300;226800 300;228300 300;229800 300;231300 300;232800 300;234300 300;235800 300;237300 300;238800 300;240300 300;241800 300;243300 300;244800 300;246300 300;247800 300;249300 300;250800 300;252300 300;253800 300;255300 300;256800 300;258300 300;259800 300;261300 300;262800 300;264300 300;265800 300;267300 300;268800 300;270300 300;271800 300;273300 300;274800 300;276300 300;277800 300;279300 300;280800 300;282300 300;283800 300;285300 300;286800 300;288300 300;289800 300;291300 300;292800 300;294300 300;295800 300;297300 300;298800 300;300300 300;301800 300;303300 300;304800 300;306300 300;307800 300;309300 300;310800 300;312300 300;313800 300;315300 300;316800 300;318300 300;319800 300;321300 300;322800 300;324300 300;325800 300;327300 300;328800 300;330300 300;331800 300;333300 300;334800 300;336300 300;337800 300;339300 300;340800 300;342300 300;343800 300;345300 300;346800 300;348300 300;349800 300;351300 300;352800 300;354300 300;355800 300;357300 300;358800 300;360300 300;361800 300;363300 300;364800 300;366300 300;367800 300;369300 300;370800 300;372300 300;373800 300;375300 300;376800 300;378300 300;379800 300;381300 300;382800 300;384300 300;385800 300;387300 300;388800 300;390300 300;391800 300;393300 300;394800 300;396300 300;397800 300;399300 300;400800 300;402300 300;403800 300;405300 300;406800 300;408300 300;409800 300;411300 300;412800 300;414300 300;415800 300;417300 300;418800 300;420300 300;421800 300;423300 300;424800 300;426300 300;427800 300;429300 300;430800 300;432300 300;433800 300;435300 300;436800 300;438300 300;439800 300;441300 300;442800 300;444300 300;445800 300;447300 300;448800 300;450300 300;451800 300;453300 300;454800 300;456300 300;457800 300;459300 300;460800 300;462300 300;463800 300;465300 300;466800 300;468300 300;469800 300;471300 300;472800 300;474300 300;475800 300;477300 300;478800 300;480300 300;481800 300;483300 300;484800 300;486300 300;487800 300;489300 300;490800 300;492300 300;493800 300;495300 300;496800 300;498300 300;499800 300;501300 300;502800 300;504300 300;505800 300;507300 300;508800 300;510300 300;511800 300;513300 300;514800 300;516300 300;517800 300;519300 300;520800 300;522300 300;523800 300;525300 300;526800 300;528300 300;529800 300;531300 300;532800 300;534300 300;535800 300;537300 300;538800 300;540300 300;541800 300;543300 300;544800 300;546300 300;547800 300;549300 300;550800 300;552300 300;553800 300;555300 300;556800 300;558300 300;559800 300;561300 300;562800 300;564300 300;565800 300;567300 300;568800 300;570300 300;571800 300;573300 300;574800 300;576300 300;577800 300;579300 300;580800 300;582300 300;583800 300;585300 300;586800 300;588300 300;589800 300;591300 300;592800 300;594300 300;595800 300;597300 300;598800 300;600300 300;601800 300;603300 300;604800 300;606300 300;607800 300;609300 300;610800 300;612300 300;613800 300;615300 300;616800 300;618300 300;619800 300;621300 300;622800 300;624300 300;625800 300;627300 300;628800 300;630300 300;631800 300;633300 300;634800 300;636300 300;637800 300;639300 300;640800 300;642300 300;643800 300;645300 300;646800 300;648300 300;649800 300;651300 300;652800 300;654300 300;655800 300;657300 300;658800 300;660300 300;661800 300;663300 300;664800 300;666300 300;667800 300;669300 300;670800 300;672300 300;673800 300;675300 300;676800 300;678300 300;679800 300;681300 300;682800 300;684300 300;685800 300;687300 300;688800 300;690300 300;691800 300;693300 300;694800 300;696300 300;697800 300;699300 300;700800 300;702300 300;703800 300;705300 300;706800 300;708300 300;709800 300;711300 300;712800 300;714300 300;715800 300;717300 300;718800 300;720300 300;721800 300;723300 300;724800 300;726300 300;727800 300;729300 300;730800 300;732300 300;733800 300;735300 300;736800 300;738300 300;739800 300;741300 300;742800 300;744300 300;745800 300;747300 300;748800 300;750300 300;751800 300;753300 300;754800 300;756300 300;757800 300;759300 300;760800 300;762300 300;763800 300;765300 300;766800 300;768300 300;769800 300;771300 300;772800 300;774300 300;775800 300;777300 300;778800 300;780300 300;781800 300;783300 300;784800 300;786300 300;787800 300;789300 300;790800 300;792300 300;793800 300;795300 300;796800 300;798300 300;799800 300;801300 300;802800 300;804300 300;805800 300;807300 300;808800 300;810300 300;811800 300;813300 300;814800 300;816300 300;817800 300;819300 300;820800 300;822300 300;823800 300;825300 300;826800 300;828300 300;829800 300;831300 300;832800 300;834300 300;835800 300;837300 300;838800 300;840300 300;841800 300;843300 300;844800 300;846300 300;847800 300;849300 300;850800 300;852300 300;853800 300;855300 300;856800 300;858300 300;859800 300;861300 300;862800 300;864300 300;865800 300;867300 300;868800 300;870300 300;871800 300;873300 300;874800 300;876300 300;877800 300;879300 300;880800 300;882300 300;883800 300;885300 300;886800 300;888300 300;889800 300;891300 300;892800 300;894300 300;895800 300;897300 300;898800 300;900300 300;901800 300;903300 300;904800 300;906300 300;907800 300;909300 300;910800 300;912300 300;913800 300;915300 300;916800 300;918300 300;919800 300;921300 300;922800 300;924300 300;925800 300;927300 300;928800 300;930300 300;931800 300;933300 300;934800 300;936300 300;937800 300;939300 300;940800 300;942300 300;943800 300;945300 300;946800 300;948300 300;949800 300;];
vectors.size = 1;
