vectors = struct();
vectors.landingQueue_queueTime_0 = [69001.38 0;70301.34 299.94;71301.36 299.94;72301.38 299.94;73001.46 0;74001.48 0;75001.5 0;76301.46 299.94;77301.48 299.94;78301.5 299.94;79001.58 0;80001.6 0;81001.62 0;82301.58 299.94;83301.6 299.94;84301.62 299.94;85001.7 0;86001.72 0;87001.74 0;88301.7 299.94;89301.72 299.94;90301.74 299.94;91001.82 0;92001.84 0;93001.86 0;94301.82 299.94;95301.84 299.94;96301.86 299.94;97001.94 0;98001.96 0;99001.98 0;100301.94 299.94;101301.96 299.94;102301.98 299.94;103002.06 0;104002.08 0;105002.1 0;106302.06 299.94;107302.08 299.94;108302.1 299.94;109002.18 0;110002.2 0;111002.22 0;112302.18 299.94;113302.2 299.94;114302.22 299.94;115002.3 0;116002.32 0;117002.34 0;118302.3 299.94;119302.32 299.94;120302.34 299.94;121002.42 0;122002.44 0;123002.46 0;124302.42 299.94;125302.44 299.94;126302.46 299.94;127002.54 0;128002.56 0;129002.58 0;130302.54 299.94;131302.56 299.94;132302.58 299.94;133002.66 0;134002.68 0;135002.7 0;136302.66 299.94;137302.68 299.94;138302.7 299.94;139002.78 0;140002.8 0;141002.82 0;142302.78 299.94;143302.8 299.94;144302.82 299.94;145002.9 0;146002.92 0;147002.94 0;148302.9 299.94;149302.92 299.94;150302.94 299.94;151003.02 0;152003.04 0;153003.06 0;154303.02 299.94;155303.04 299.94;156303.06 299.94;157003.14 0;158003.16 0;159003.18 0;160303.14 299.94;161303.16 299.94;162303.18 299.94;163003.26 0;164003.28 0;165003.3 0;166303.26 299.94;167303.28 299.94;168303.3 299.94;169003.38 0;170003.4 0;171003.42 0;172303.38 299.94;173303.4 299.94;174303.42 299.94;175003.5 0;176003.52 0;177003.54 0;178303.5 299.94;179303.52 299.94;180303.54 299.94;181003.62 0;182003.64 0;183003.66 0;184303.62 299.94;185303.64 299.94;186303.66 299.94;187003.74 0;188003.76 0;189003.78 0;190303.74 299.94;191303.76 299.94;192303.78 299.94;193003.86 0;194003.88 0;195003.9 0;196303.86 299.94;197303.88 299.94;198303.9 299.94;199003.98 0;200004 0;201004.02 0;202303.98 299.94;203304 299.94;204304.02 299.94;205004.1 0;206004.12 0;207004.14 0;208304.1 299.94;209304.12 299.94;210304.14 299.94;211004.22 0;212004.24 0;213004.26 0;214304.22 299.94;215304.24 299.94;216304.26 299.94;217004.34 0;218004.36 0;219004.38 0;220304.34 299.94;221304.36 299.94;222304.38 299.94;223004.46 0;224004.48 0;225004.5 0;226304.46 299.94;227304.48 299.94;228304.5 299.94;229004.58 0;230004.6 0;231004.62 0;232304.58 299.94;233304.6 299.94;234304.62 299.94;235004.7 0;236004.72 0;237004.74 0;238304.7 299.94;239304.72 299.94;240304.74 299.94;241004.82 0;242004.84 0;243004.86 0;244304.82 299.94;245304.84 299.94;246304.86 299.94;247004.94 0;248004.96 0;249004.98 0;250304.94 299.94;251304.96 299.94;252304.98 299.94;253005.06 0;254005.08 0;255005.1 0;256305.06 299.94;257305.08 299.94;258305.1 299.94;259005.18 0;260005.2 0;261005.22 0;262305.18 299.94;263305.2 299.94;264305.22 299.94;265005.3 0;266005.32 0;267005.34 0;268305.3 299.94;269305.32 299.94;270305.34 299.94;271005.42 0;272005.44 0;273005.46 0;274305.42 299.94;275305.44 299.94;276305.46 299.94;277005.54 0;278005.56 0;279005.58 0;280305.54 299.94;281305.56 299.94;282305.58 299.94;283005.66 0;284005.68 0;285005.7 0;286305.66 299.94;287305.68 299.94;288305.7 299.94;289005.78 0;290005.8 0;291005.82 0;292305.78 299.94;293305.8 299.94;294305.82 299.94;295005.9 0;296005.92 0;297005.94 0;298305.9 299.94;299305.92 299.94;300305.94 299.94;301006.02 0;302006.04 0;303006.06 0;304306.02 299.94;305306.04 299.94;306306.06 299.94;307006.14 0;308006.16 0;309006.18 0;310306.14 299.94;311306.16 299.94;312306.18 299.94;313006.26 0;314006.28 0;315006.3 0;316306.26 299.94;317306.28 299.94;318306.3 299.94;319006.38 0;320006.4 0;321006.42 0;322306.38 299.94;323306.4 299.94;324306.42 299.94;325006.5 0;326006.52 0;327006.54 0;328306.5 299.94;329306.52 299.94;330306.54 299.94;331006.62 0;332006.64 0;333006.66 0;334306.62 299.94;335306.64 299.94;336306.66 299.94;337006.74 0;338006.76 0;339006.78 0;340306.74 299.94;341306.76 299.94;342306.78 299.94;343006.86 0;344006.88 0;345006.9 0;346306.86 299.94;347306.88 299.94;348306.9 299.94;349006.98 0;350007 0;351007.02 0;352306.98 299.94;353307 299.94;354307.02 299.94;355007.1 0;356007.12 0;357007.14 0;358307.1 299.94;359307.12 299.94;360307.14 299.94;361007.22 0;362007.24 0;363007.26 0;364307.22 299.94;365307.24 299.94;366307.26 299.94;367007.34 0;368007.36 0;369007.38 0;370307.34 299.94;371307.36 299.94;372307.38 299.94;373007.46 0;374007.48 0;375007.5 0;376307.46 299.94;377307.48 299.94;378307.5 299.94;379007.58 0;380007.6 0;381007.62 0;382307.58 299.94;383307.6 299.94;384307.62 299.94;385007.7 0;386007.72 0;387007.74 0;388307.7 299.94;389307.72 299.94;390307.74 299.94;391007.82 0;392007.84 0;393007.86 0;394307.82 299.94;395307.84 299.94;396307.86 299.94;397007.94 0;398007.96 0;399007.98 0;400307.94 299.94;401307.96 299.94;402307.98 299.94;403008.06 0;404008.08 0;405008.1 0;406308.06 299.94;407308.08 299.94;408308.1 299.94;409008.18 0;410008.2 0;411008.22 0;412308.18 299.94;413308.2 299.94;414308.22 299.94;415008.3 0;416008.32 0;417008.34 0;418308.3 299.94;419308.32 299.94;420308.34 299.94;421008.42 0;422008.44 0;423008.46 0;424308.42 299.94;425308.44 299.94;426308.46 299.94;427008.54 0;428008.56 0;429008.58 0;430308.54 299.94;431308.56 299.94;432308.58 299.94;433008.66 0;434008.68 0;435008.7 0;436308.66 299.94;437308.68 299.94;438308.7 299.94;439008.78 0;440008.8 0;441008.82 0;442308.78 299.94;443308.8 299.94;444308.82 299.94;445008.9 0;446008.92 0;447008.94 0;448308.9 299.94;449308.92 299.94;450308.94 299.94;451009.02 0;452009.04 0;453009.06 0;454309.02 299.94;455309.04 299.94;456309.06 299.94;457009.14 0;458009.16 0;459009.18 0;460309.14 299.94;461309.16 299.94;462309.18 299.94;463009.26 0;464009.28 0;465009.3 0;466309.26 299.94;467309.28 299.94;468309.3 299.94;469009.38 0;470009.4 0;471009.42 0;472309.38 299.94;473309.4 299.94;474309.42 299.94;475009.5 0;476009.52 0;477009.54 0;478309.5 299.94;479309.52 299.94;480309.54 299.94;481009.62 0;482009.64 0;483009.66 0;484309.62 299.94;485309.64 299.94;486309.66 299.94;487009.74 0;488009.76 0;489009.78 0;490309.74 299.94;491309.76 299.94;492309.78 299.94;493009.86 0;494009.88 0;495009.9 0;496309.86 299.94;497309.88 299.94;498309.9 299.94;499009.98 0;500010 0;501010.02 0;502309.98 299.94;503310 299.94;504310.02 299.94;505010.1 0;506010.12 0;507010.14 0;508310.1 299.94;509310.12 299.94;510310.14 299.94;511010.22 0;512010.24 0;513010.26 0;514310.22 299.94;515310.24 299.94;516310.26 299.94;517010.34 0;518010.36 0;519010.38 0;520310.34 299.94;521310.36 299.94;522310.38 299.94;523010.46 0;524010.48 0;525010.5 0;526310.46 299.94;527310.48 299.94;528310.5 299.94;529010.58 0;530010.6 0;531010.62 0;532310.58 299.94;533310.6 299.94;534310.62 299.94;535010.7 0;536010.72 0;537010.74 0;538310.7 299.94;539310.72 299.94;540310.74 299.94;541010.82 0;542010.84 0;543010.86 0;544310.82 299.94;545310.84 299.94;546310.86 299.94;547010.94 0;548010.96 0;549010.98 0;550310.94 299.94;551310.96 299.94;552310.98 299.94;553011.06 0;554011.08 0;555011.1 0;556311.06 299.94;557311.08 299.94;558311.1 299.94;559011.18 0;560011.2 0;561011.22 0;562311.18 299.94;563311.2 299.94;564311.22 299.94;565011.3 0;566011.32 0;567011.34 0;568311.3 299.94;569311.32 299.94;570311.34 299.94;571011.42 0;572011.44 0;573011.46 0;574311.42 299.94;575311.44 299.94;576311.46 299.94;577011.54 0;578011.56 0;579011.58 0;580311.54 299.94;581311.56 299.94;582311.58 299.94;583011.66 0;584011.68 0;585011.7 0;586311.66 299.94;587311.68 299.94;588311.7 299.94;589011.78 0;590011.8 0;591011.82 0;592311.78 299.94;593311.8 299.94;594311.82 299.94;595011.9 0;596011.92 0;597011.94 0;598311.9 299.94;599311.92 299.94;600311.94 299.94;601012.02 0;602012.04 0;603012.06 0;604312.02 299.94;605312.04 299.94;606312.06 299.94;607012.14 0;608012.16 0;609012.18 0;610312.14 299.94;611312.16 299.94;612312.18 299.94;613012.26 0;614012.28 0;615012.3 0;616312.26 299.94;617312.28 299.94;618312.3 299.94;619012.38 0;620012.4 0;621012.42 0;622312.38 299.94;623312.4 299.94;624312.42 299.94;625012.5 0;626012.52 0;