vectors = struct();
vectors.landingQueue_queueLength_0 = [69001.38 1;69001.38 0;70001.4 1;70301.34 0;71001.42 1;71301.36 0;72001.44 1;72301.38 0;73001.46 1;73001.46 0;74001.48 1;74001.48 0;75001.5 1;75001.5 0;76001.52 1;76301.46 0;77001.54 1;77301.48 0;78001.56 1;78301.5 0;79001.58 1;79001.58 0;80001.6 1;80001.6 0;81001.62 1;81001.62 0;82001.64 1;82301.58 0;83001.66 1;83301.6 0;84001.68 1;84301.62 0;85001.7 1;85001.7 0;86001.72 1;86001.72 0;87001.74 1;87001.74 0;88001.76 1;88301.7 0;89001.78 1;89301.72 0;90001.8 1;90301.74 0;91001.82 1;91001.82 0;92001.84 1;92001.84 0;93001.86 1;93001.86 0;94001.88 1;94301.82 0;95001.9 1;95301.84 0;96001.92 1;96301.86 0;97001.94 1;97001.94 0;98001.96 1;98001.96 0;99001.98 1;99001.98 0;100002 1;100301.94 0;101002.02 1;101301.96 0;102002.04 1;102301.98 0;103002.06 1;103002.06 0;104002.08 1;104002.08 0;105002.1 1;105002.1 0;106002.12 1;106302.06 0;107002.14 1;107302.08 0;108002.16 1;108302.1 0;109002.18 1;109002.18 0;110002.2 1;110002.2 0;111002.22 1;111002.22 0;112002.24 1;112302.18 0;113002.26 1;113302.2 0;114002.28 1;114302.22 0;115002.3 1;115002.3 0;116002.32 1;116002.32 0;117002.34 1;117002.34 0;118002.36 1;118302.3 0;119002.38 1;119302.32 0;120002.4 1;120302.34 0;121002.42 1;121002.42 0;122002.44 1;122002.44 0;123002.46 1;123002.46 0;124002.48 1;124302.42 0;125002.5 1;125302.44 0;126002.52 1;126302.46 0;127002.54 1;127002.54 0;128002.56 1;128002.56 0;129002.58 1;129002.58 0;130002.6 1;130302.54 0;131002.62 1;131302.56 0;132002.64 1;132302.58 0;133002.66 1;133002.66 0;134002.68 1;134002.68 0;135002.7 1;135002.7 0;136002.72 1;136302.66 0;137002.74 1;137302.68 0;138002.76 1;138302.7 0;139002.78 1;139002.78 0;140002.8 1;140002.8 0;141002.82 1;141002.82 0;142002.84 1;142302.78 0;143002.86 1;143302.8 0;144002.88 1;144302.82 0;145002.9 1;145002.9 0;146002.92 1;146002.92 0;147002.94 1;147002.94 0;148002.96 1;148302.9 0;149002.98 1;149302.92 0;150003 1;150302.94 0;151003.02 1;151003.02 0;152003.04 1;152003.04 0;153003.06 1;153003.06 0;154003.08 1;154303.02 0;155003.1 1;155303.04 0;156003.12 1;156303.06 0;157003.14 1;157003.14 0;158003.16 1;158003.16 0;159003.18 1;159003.18 0;160003.2 1;160303.14 0;161003.22 1;161303.16 0;162003.24 1;162303.18 0;163003.26 1;163003.26 0;164003.28 1;164003.28 0;165003.3 1;165003.3 0;166003.32 1;166303.26 0;167003.34 1;167303.28 0;168003.36 1;168303.3 0;169003.38 1;169003.38 0;170003.4 1;170003.4 0;171003.42 1;171003.42 0;172003.44 1;172303.38 0;173003.46 1;173303.4 0;174003.48 1;174303.42 0;175003.5 1;175003.5 0;176003.52 1;176003.52 0;177003.54 1;177003.54 0;178003.56 1;178303.5 0;179003.58 1;179303.52 0;180003.6 1;180303.54 0;181003.62 1;181003.62 0;182003.64 1;182003.64 0;183003.66 1;183003.66 0;184003.68 1;184303.62 0;185003.7 1;185303.64 0;186003.72 1;186303.66 0;187003.74 1;187003.74 0;188003.76 1;188003.76 0;189003.78 1;189003.78 0;190003.8 1;190303.74 0;191003.82 1;191303.76 0;192003.84 1;192303.78 0;193003.86 1;193003.86 0;194003.88 1;194003.88 0;195003.9 1;195003.9 0;196003.92 1;196303.86 0;197003.94 1;197303.88 0;198003.96 1;198303.9 0;199003.98 1;199003.98 0;200004 1;200004 0;201004.02 1;201004.02 0;202004.04 1;202303.98 0;203004.06 1;203304 0;204004.08 1;204304.02 0;205004.1 1;205004.1 0;206004.12 1;206004.12 0;207004.14 1;207004.14 0;208004.16 1;208304.1 0;209004.18 1;209304.12 0;210004.2 1;210304.14 0;211004.22 1;211004.22 0;212004.24 1;212004.24 0;213004.26 1;213004.26 0;214004.28 1;214304.22 0;215004.3 1;215304.24 0;216004.32 1;216304.26 0;217004.34 1;217004.34 0;218004.36 1;218004.36 0;219004.38 1;219004.38 0;220004.4 1;220304.34 0;221004.42 1;221304.36 0;222004.44 1;222304.38 0;223004.46 1;223004.46 0;224004.48 1;224004.48 0;225004.5 1;225004.5 0;226004.52 1;226304.46 0;227004.54 1;227304.48 0;228004.56 1;228304.5 0;229004.58 1;229004.58 0;230004.6 1;230004.6 0;231004.62 1;231004.62 0;232004.64 1;232304.58 0;233004.66 1;233304.6 0;234004.68 1;234304.62 0;235004.7 1;235004.7 0;236004.72 1;236004.72 0;237004.74 1;237004.74 0;238004.76 1;238304.7 0;239004.78 1;239304.72 0;240004.8 1;240304.74 0;241004.82 1;241004.82 0;242004.84 1;242004.84 0;243004.86 1;243004.86 0;244004.88 1;244304.82 0;245004.9 1;245304.84 0;246004.92 1;246304.86 0;247004.94 1;247004.94 0;248004.96 1;248004.96 0;249004.98 1;249004.98 0;250005 1;250304.94 0;251005.02 1;251304.96 0;252005.04 1;252304.98 0;253005.06 1;253005.06 0;254005.08 1;254005.08 0;255005.1 1;255005.1 0;256005.12 1;256305.06 0;257005.14 1;257305.08 0;258005.16 1;258305.1 0;259005.18 1;259005.18 0;260005.2 1;260005.2 0;261005.22 1;261005.22 0;262005.24 1;262305.18 0;263005.26 1;263305.2 0;264005.28 1;264305.22 0;265005.3 1;265005.3 0;266005.32 1;266005.32 0;267005.34 1;267005.34 0;268005.36 1;268305.3 0;269005.38 1;269305.32 0;270005.4 1;270305.34 0;271005.42 1;271005.42 0;272005.44 1;272005.44 0;273005.46 1;273005.46 0;274005.48 1;274305.42 0;275005.5 1;275305.44 0;276005.52 1;276305.46 0;277005.54 1;277005.54 0;278005.56 1;278005.56 0;279005.58 1;279005.58 0;280005.6 1;280305.54 0;281005.62 1;281305.56 0;282005.64 1;282305.58 0;283005.66 1;283005.66 0;284005.68 1;284005.68 0;285005.7 1;285005.7 0;286005.72 1;286305.66 0;287005.74 1;287305.68 0;288005.76 1;288305.7 0;289005.78 1;289005.78 0;290005.8 1;290005.8 0;291005.82 1;291005.82 0;292005.84 1;292305.78 0;293005.86 1;293305.8 0;294005.88 1;294305.82 0;295005.9 1;295005.9 0;296005.92 1;296005.92 0;297005.94 1;297005.94 0;298005.96 1;298305.9 0;299005.98 1;299305.92 0;300006 1;300305.94 0;301006.02 1;301006.02 0;302006.04 1;302006.04 0;303006.06 1;303006.06 0;304006.08 1;304306.02 0;305006.1 1;305306.04 0;306006.12 1;306306.06 0;307006.14 1;307006.14 0;308006.16 1;308006.16 0;309006.18 1;309006.18 0;310006.2 1;310306.14 0;311006.22 1;311306.16 0;312006.24 1;312306.18 0;313006.26 1;313006.26 0;314006.28 1;314006.28 0;315006.3 1;315006.3 0;316006.32 1;316306.26 0;317006.34 1;317306.28 0;318006.36 1;318306.3 0;319006.38 1;319006.38 0;320006.4 1;320006.4 0;321006.42 1;321006.42 0;322006.44 1;322306.38 0;323006.46 1;323306.4 0;324006.48 1;324306.42 0;325006.5 1;325006.5 0;326006.52 1;326006.52 0;327006.54 1;327006.54 0;328006.56 1;328306.5 0;329006.58 1;329306.52 0;330006.6 1;330306.54 0;331006.62 1;331006.62 0;332006.64 1;332006.64 0;333006.66 1;333006.66 0;334006.68 1;334306.62 0;335006.7 1;335306.64 0;336006.72 1;336306.66 0;337006.74 1;337006.74 0;338006.76 1;338006.76 0;339006.78 1;339006.78 0;340006.8 1;340306.74 0;341006.82 1;341306.76 0;342006.84 1;342306.78 0;343006.86 1;343006.86 0;344006.88 1;344006.88 0;345006.9 1;345006.9 0;346006.92 1;346306.86 0;347006.94 1;347306.88 0;348006.96 1;348306.9 0;349006.98 1;349006.98 0;350007 1;350007 0;351007.02 1;351007.02 0;352007.04 1;352306.98 0;353007.06 1;353307 0;354007.08 1;354307.02 0;355007.1 1;355007.1 0;356007.12 1;356007.12 0;357007.14 1;357007.14 0;358007.16 1;358307.1 0;359007.18 1;359307.12 0;360007.2 1;360307.14 0;361007.22 1;361007.22 0;362007.24 1;362007.24 0;363007.26 1;363007.26 0;364007.28 1;364307.22 0;365007.3 1;365307.24 0;366007.32 1;366307.26 0;367007.34 1;367007.34 0;368007.36 1;368007.36 0;369007.38 1;369007.38 0;370007.4 1;370307.34 0;371007.42 1;371307.36 0;372007.44 1;372307.38 0;373007.46 1;373007.46 0;374007.48 1;374007.48 0;375007.5 1;375007.5 0;376007.52 1;376307.46 0;377007.54 1;377307.48 0;378007.56 1;378307.5 0;379007.58 1;379007.58 0;380007.6 1;380007.6 0;381007.62 1;381007.62 0;382007.64 1;382307.58 0;383007.66 1;383307.6 0;384007.68 1;384307.62 0;385007.7 1;385007.7 0;386007.72 1;386007.72 0;387007.74 1;387007.74 0;388007.76 1;388307.7 0;389007.78 1;389307.72 0;390007.8 1;390307.74 0;391007.82 1;391007.82 0;392007.84 1;392007.84 0;393007.86 1;393007.86 0;394007.88 1;394307.82 0;395007.9 1;395307.84 0;396007.92 1;396307.86 0;397007.94 1;397007.94 0;398007.96 1;398007.96 0;399007.98 1;399007.98 0;400008 1;400307.94 0;401008.02 1;401307.96 0;402008.04 1;402307.98 0;403008.06 1;403008.06 0;404008.08 1;404008.08 0;405008.1 1;405008.1 0;406008.12 1;406308.06 0;407008.14 1;407308.08 0;408008.16 1;408308.1 0;