vectors = struct();
vectors.takeoffQueue_queueLength_0 = [69301.26 1;69301.38 0;70001.34 1;70001.34 0;71001.36 1;71001.36 0;72001.38 1;72001.38 0;73301.34 1;73301.46 0;74301.36 1;74301.48 0;75301.38 1;75301.5 0;76001.46 1;76001.46 0;77001.48 1;77001.48 0;78001.5 1;78001.5 0;79301.46 1;79301.58 0;80301.48 1;80301.6 0;81301.5 1;81301.62 0;82001.58 1;82001.58 0;83001.6 1;83001.6 0;84001.62 1;84001.62 0;85301.58 1;85301.7 0;86301.6 1;86301.72 0;87301.62 1;87301.74 0;88001.7 1;88001.7 0;89001.72 1;89001.72 0;90001.74 1;90001.74 0;91301.7 1;91301.82 0;92301.72 1;92301.84 0;93301.74 1;93301.86 0;94001.82 1;94001.82 0;95001.84 1;95001.84 0;96001.86 1;96001.86 0;97301.82 1;97301.94 0;98301.84 1;98301.96 0;99301.86 1;99301.98 0;100001.94 1;100001.94 0;101001.96 1;101001.96 0;102001.98 1;102001.98 0;103301.94 1;103302.06 0;104301.96 1;104302.08 0;105301.98 1;105302.1 0;106002.06 1;106002.06 0;107002.08 1;107002.08 0;108002.1 1;108002.1 0;109302.06 1;109302.18 0;110302.08 1;110302.2 0;111302.1 1;111302.22 0;112002.18 1;112002.18 0;113002.2 1;113002.2 0;114002.22 1;114002.22 0;115302.18 1;115302.3 0;116302.2 1;116302.32 0;117302.22 1;117302.34 0;118002.3 1;118002.3 0;119002.32 1;119002.32 0;120002.34 1;120002.34 0;121302.3 1;121302.42 0;122302.32 1;122302.44 0;123302.34 1;123302.46 0;124002.42 1;124002.42 0;125002.44 1;125002.44 0;126002.46 1;126002.46 0;127302.42 1;127302.54 0;128302.44 1;128302.56 0;129302.46 1;129302.58 0;130002.54 1;130002.54 0;131002.56 1;131002.56 0;132002.58 1;132002.58 0;133302.54 1;133302.66 0;134302.56 1;134302.68 0;135302.58 1;135302.7 0;136002.66 1;136002.66 0;137002.68 1;137002.68 0;138002.7 1;138002.7 0;139302.66 1;139302.78 0;140302.68 1;140302.8 0;141302.7 1;141302.82 0;142002.78 1;142002.78 0;143002.8 1;143002.8 0;144002.82 1;144002.82 0;145302.78 1;145302.9 0;146302.8 1;146302.92 0;147302.82 1;147302.94 0;148002.9 1;148002.9 0;149002.92 1;149002.92 0;150002.94 1;150002.94 0;151302.9 1;151303.02 0;152302.92 1;152303.04 0;153302.94 1;153303.06 0;154003.02 1;154003.02 0;155003.04 1;155003.04 0;156003.06 1;156003.06 0;157303.02 1;157303.14 0;158303.04 1;158303.16 0;159303.06 1;159303.18 0;160003.14 1;160003.14 0;161003.16 1;161003.16 0;162003.18 1;162003.18 0;163303.14 1;163303.26 0;164303.16 1;164303.28 0;165303.18 1;165303.3 0;166003.26 1;166003.26 0;167003.28 1;167003.28 0;168003.3 1;168003.3 0;169303.26 1;169303.38 0;170303.28 1;170303.4 0;171303.3 1;171303.42 0;172003.38 1;172003.38 0;173003.4 1;173003.4 0;174003.42 1;174003.42 0;175303.38 1;175303.5 0;176303.4 1;176303.52 0;177303.42 1;177303.54 0;178003.5 1;178003.5 0;179003.52 1;179003.52 0;180003.54 1;180003.54 0;181303.5 1;181303.62 0;182303.52 1;182303.64 0;183303.54 1;183303.66 0;184003.62 1;184003.62 0;185003.64 1;185003.64 0;186003.66 1;186003.66 0;187303.62 1;187303.74 0;188303.64 1;188303.76 0;189303.66 1;189303.78 0;190003.74 1;190003.74 0;191003.76 1;191003.76 0;192003.78 1;192003.78 0;193303.74 1;193303.86 0;194303.76 1;194303.88 0;195303.78 1;195303.9 0;196003.86 1;196003.86 0;197003.88 1;197003.88 0;198003.9 1;198003.9 0;199303.86 1;199303.98 0;200303.88 1;200304 0;201303.9 1;201304.02 0;202003.98 1;202003.98 0;203004 1;203004 0;204004.02 1;204004.02 0;205303.98 1;205304.1 0;206304 1;206304.12 0;207304.02 1;207304.14 0;208004.1 1;208004.1 0;209004.12 1;209004.12 0;210004.14 1;210004.14 0;211304.1 1;211304.22 0;212304.12 1;212304.24 0;213304.14 1;213304.26 0;214004.22 1;214004.22 0;215004.24 1;215004.24 0;216004.26 1;216004.26 0;217304.22 1;217304.34 0;218304.24 1;218304.36 0;219304.26 1;219304.38 0;220004.34 1;220004.34 0;221004.36 1;221004.36 0;222004.38 1;222004.38 0;223304.34 1;223304.46 0;224304.36 1;224304.48 0;225304.38 1;225304.5 0;226004.46 1;226004.46 0;227004.48 1;227004.48 0;228004.5 1;228004.5 0;229304.46 1;229304.58 0;230304.48 1;230304.6 0;231304.5 1;231304.62 0;232004.58 1;232004.58 0;233004.6 1;233004.6 0;234004.62 1;234004.62 0;235304.58 1;235304.7 0;236304.6 1;236304.72 0;237304.62 1;237304.74 0;238004.7 1;238004.7 0;239004.72 1;239004.72 0;240004.74 1;240004.74 0;241304.7 1;241304.82 0;242304.72 1;242304.84 0;243304.74 1;243304.86 0;244004.82 1;244004.82 0;245004.84 1;245004.84 0;246004.86 1;246004.86 0;247304.82 1;247304.94 0;248304.84 1;248304.96 0;249304.86 1;249304.98 0;250004.94 1;250004.94 0;251004.96 1;251004.96 0;252004.98 1;252004.98 0;253304.94 1;253305.06 0;254304.96 1;254305.08 0;255304.98 1;255305.1 0;256005.06 1;256005.06 0;257005.08 1;257005.08 0;258005.1 1;258005.1 0;259305.06 1;259305.18 0;260305.08 1;260305.2 0;261305.1 1;261305.22 0;262005.18 1;262005.18 0;263005.2 1;263005.2 0;264005.22 1;264005.22 0;265305.18 1;265305.3 0;266305.2 1;266305.32 0;267305.22 1;267305.34 0;268005.3 1;268005.3 0;269005.32 1;269005.32 0;270005.34 1;270005.34 0;271305.3 1;271305.42 0;272305.32 1;272305.44 0;273305.34 1;273305.46 0;274005.42 1;274005.42 0;275005.44 1;275005.44 0;276005.46 1;276005.46 0;277305.42 1;277305.54 0;278305.44 1;278305.56 0;279305.46 1;279305.58 0;280005.54 1;280005.54 0;281005.56 1;281005.56 0;282005.58 1;282005.58 0;283305.54 1;283305.66 0;284305.56 1;284305.68 0;285305.58 1;285305.7 0;286005.66 1;286005.66 0;287005.68 1;287005.68 0;288005.7 1;288005.7 0;289305.66 1;289305.78 0;290305.68 1;290305.8 0;291305.7 1;291305.82 0;292005.78 1;292005.78 0;293005.8 1;293005.8 0;294005.82 1;294005.82 0;295305.78 1;295305.9 0;296305.8 1;296305.92 0;297305.82 1;297305.94 0;298005.9 1;298005.9 0;299005.92 1;299005.92 0;300005.94 1;300005.94 0;301305.9 1;301306.02 0;302305.92 1;302306.04 0;303305.94 1;303306.06 0;304006.02 1;304006.02 0;305006.04 1;305006.04 0;306006.06 1;306006.06 0;307306.02 1;307306.14 0;308306.04 1;308306.16 0;309306.06 1;309306.18 0;310006.14 1;310006.14 0;311006.16 1;311006.16 0;312006.18 1;312006.18 0;313306.14 1;313306.26 0;314306.16 1;314306.28 0;315306.18 1;315306.3 0;316006.26 1;316006.26 0;317006.28 1;317006.28 0;318006.3 1;318006.3 0;319306.26 1;319306.38 0;320306.28 1;320306.4 0;321306.3 1;321306.42 0;322006.38 1;322006.38 0;323006.4 1;323006.4 0;324006.42 1;324006.42 0;325306.38 1;325306.5 0;326306.4 1;326306.52 0;327306.42 1;327306.54 0;328006.5 1;328006.5 0;329006.52 1;329006.52 0;330006.54 1;330006.54 0;331306.5 1;331306.62 0;332306.52 1;332306.64 0;333306.54 1;333306.66 0;334006.62 1;334006.62 0;335006.64 1;335006.64 0;336006.66 1;336006.66 0;337306.62 1;337306.74 0;338306.64 1;338306.76 0;339306.66 1;339306.78 0;340006.74 1;340006.74 0;341006.76 1;341006.76 0;342006.78 1;342006.78 0;343306.74 1;343306.86 0;344306.76 1;344306.88 0;345306.78 1;345306.9 0;346006.86 1;346006.86 0;347006.88 1;347006.88 0;348006.9 1;348006.9 0;349306.86 1;349306.98 0;350306.88 1;350307 0;351306.9 1;351307.02 0;352006.98 1;352006.98 0;353007 1;353007 0;354007.02 1;354007.02 0;355306.98 1;355307.1 0;356307 1;356307.12 0;357307.02 1;357307.14 0;358007.1 1;358007.1 0;359007.12 1;359007.12 0;360007.14 1;360007.14 0;361307.1 1;361307.22 0;362307.12 1;362307.24 0;363307.14 1;363307.26 0;364007.22 1;364007.22 0;365007.24 1;365007.24 0;366007.26 1;366007.26 0;367307.22 1;367307.34 0;368307.24 1;368307.36 0;369307.26 1;369307.38 0;370007.34 1;370007.34 0;371007.36 1;371007.36 0;372007.38 1;372007.38 0;373307.34 1;373307.46 0;374307.36 1;374307.48 0;375307.38 1;375307.5 0;376007.46 1;376007.46 0;377007.48 1;377007.48 0;378007.5 1;378007.5 0;379307.46 1;379307.58 0;380307.48 1;380307.6 0;381307.5 1;381307.62 0;382007.58 1;382007.58 0;383007.6 1;383007.6 0;384007.62 1;384007.62 0;385307.58 1;385307.7 0;386307.6 1;386307.72 0;387307.62 1;387307.74 0;388007.7 1;388007.7 0;389007.72 1;389007.72 0;390007.74 1;390007.74 0;391307.7 1;391307.82 0;392307.72 1;392307.84 0;393307.74 1;393307.86 0;394007.82 1;394007.82 0;395007.84 1;395007.84 0;396007.86 1;396007.86 0;397307.82 1;397307.94 0;398307.84 1;398307.96 0;399307.86 1;399307.98 0;400007.94 1;400007.94 0;401007.96 1;401007.96 0;402007.98 1;402007.98 0;403307.94 1;403308.06 0;404307.96 1;404308.08 0;405307.98 1;405308.1 0;406008.06 1;406008.06 0;407008.08 1;407008.08 0;408008.1 1;