vectors = struct();
vectors.takeoffQueue_queueTime_0 = [69301.38 0.12;70001.34 0;71001.36 0;72001.38 0;73301.46 0.12;74301.48 0.12;75301.5 0.12;76001.46 0;77001.48 0;78001.5 0;79301.58 0.12;80301.6 0.12;81301.62 0.12;82001.58 0;83001.6 0;84001.62 0;85301.7 0.12;86301.72 0.12;87301.74 0.12;88001.7 0;89001.72 0;90001.74 0;91301.82 0.12;92301.84 0.12;93301.86 0.12;94001.82 0;95001.84 0;96001.86 0;97301.94 0.12;98301.96 0.12;99301.98 0.12;100001.94 0;101001.96 0;102001.98 0;103302.06 0.12;104302.08 0.12;105302.1 0.12;106002.06 0;107002.08 0;108002.1 0;109302.18 0.12;110302.2 0.12;111302.22 0.12;112002.18 0;113002.2 0;114002.22 0;115302.3 0.12;116302.32 0.12;117302.34 0.12;118002.3 0;119002.32 0;120002.34 0;121302.42 0.12;122302.44 0.12;123302.46 0.12;124002.42 0;125002.44 0;126002.46 0;127302.54 0.12;128302.56 0.12;129302.58 0.12;130002.54 0;131002.56 0;132002.58 0;133302.66 0.12;134302.68 0.12;135302.7 0.12;136002.66 0;137002.68 0;138002.7 0;139302.78 0.12;140302.8 0.12;141302.82 0.12;142002.78 0;143002.8 0;144002.82 0;145302.9 0.12;146302.92 0.12;147302.94 0.12;148002.9 0;149002.92 0;150002.94 0;151303.02 0.12;152303.04 0.12;153303.06 0.12;154003.02 0;155003.04 0;156003.06 0;157303.14 0.12;158303.16 0.12;159303.18 0.12;160003.14 0;161003.16 0;162003.18 0;163303.26 0.12;164303.28 0.12;165303.3 0.12;166003.26 0;167003.28 0;168003.3 0;169303.38 0.12;170303.4 0.12;171303.42 0.12;172003.38 0;173003.4 0;174003.42 0;175303.5 0.12;176303.52 0.12;177303.54 0.12;178003.5 0;179003.52 0;180003.54 0;181303.62 0.12;182303.64 0.12;183303.66 0.12;184003.62 0;185003.64 0;186003.66 0;187303.74 0.12;188303.76 0.12;189303.78 0.12;190003.74 0;191003.76 0;192003.78 0;193303.86 0.12;194303.88 0.12;195303.9 0.12;196003.86 0;197003.88 0;198003.9 0;199303.98 0.12;200304 0.12;201304.02 0.12;202003.98 0;203004 0;204004.02 0;205304.1 0.12;206304.12 0.12;207304.14 0.12;208004.1 0;209004.12 0;210004.14 0;211304.22 0.12;212304.24 0.12;213304.26 0.12;214004.22 0;215004.24 0;216004.26 0;217304.34 0.12;218304.36 0.12;219304.38 0.12;220004.34 0;221004.36 0;222004.38 0;223304.46 0.12;224304.48 0.12;225304.5 0.12;226004.46 0;227004.48 0;228004.5 0;229304.58 0.12;230304.6 0.12;231304.62 0.12;232004.58 0;233004.6 0;234004.62 0;235304.7 0.12;236304.72 0.12;237304.74 0.12;238004.7 0;239004.72 0;240004.74 0;241304.82 0.12;242304.84 0.12;243304.86 0.12;244004.82 0;245004.84 0;246004.86 0;247304.94 0.12;248304.96 0.12;249304.98 0.12;250004.94 0;251004.96 0;252004.98 0;253305.06 0.12;254305.08 0.12;255305.1 0.12;256005.06 0;257005.08 0;258005.1 0;259305.18 0.12;260305.2 0.12;261305.22 0.12;262005.18 0;263005.2 0;264005.22 0;265305.3 0.12;266305.32 0.12;267305.34 0.12;268005.3 0;269005.32 0;270005.34 0;271305.42 0.12;272305.44 0.12;273305.46 0.12;274005.42 0;275005.44 0;276005.46 0;277305.54 0.12;278305.56 0.12;279305.58 0.12;280005.54 0;281005.56 0;282005.58 0;283305.66 0.12;284305.68 0.12;285305.7 0.12;286005.66 0;287005.68 0;288005.7 0;289305.78 0.12;290305.8 0.12;291305.82 0.12;292005.78 0;293005.8 0;294005.82 0;295305.9 0.12;296305.92 0.12;297305.94 0.12;298005.9 0;299005.92 0;300005.94 0;301306.02 0.12;302306.04 0.12;303306.06 0.12;304006.02 0;305006.04 0;306006.06 0;307306.14 0.12;308306.16 0.12;309306.18 0.12;310006.14 0;311006.16 0;312006.18 0;313306.26 0.12;314306.28 0.12;315306.3 0.12;316006.26 0;317006.28 0;318006.3 0;319306.38 0.12;320306.4 0.12;321306.42 0.12;322006.38 0;323006.4 0;324006.42 0;325306.5 0.12;326306.52 0.12;327306.54 0.12;328006.5 0;329006.52 0;330006.54 0;331306.62 0.12;332306.64 0.12;333306.66 0.12;334006.62 0;335006.64 0;336006.66 0;337306.74 0.12;338306.76 0.12;339306.78 0.12;340006.74 0;341006.76 0;342006.78 0;343306.86 0.12;344306.88 0.12;345306.9 0.12;346006.86 0;347006.88 0;348006.9 0;349306.98 0.12;350307 0.12;351307.02 0.12;352006.98 0;353007 0;354007.02 0;355307.1 0.12;356307.12 0.12;357307.14 0.12;358007.1 0;359007.12 0;360007.14 0;361307.22 0.12;362307.24 0.12;363307.26 0.12;364007.22 0;365007.24 0;366007.26 0;367307.34 0.12;368307.36 0.12;369307.38 0.12;370007.34 0;371007.36 0;372007.38 0;373307.46 0.12;374307.48 0.12;375307.5 0.12;376007.46 0;377007.48 0;378007.5 0;379307.58 0.12;380307.6 0.12;381307.62 0.12;382007.58 0;383007.6 0;384007.62 0;385307.7 0.12;386307.72 0.12;387307.74 0.12;388007.7 0;389007.72 0;390007.74 0;391307.82 0.12;392307.84 0.12;393307.86 0.12;394007.82 0;395007.84 0;396007.86 0;397307.94 0.12;398307.96 0.12;399307.98 0.12;400007.94 0;401007.96 0;402007.98 0;403308.06 0.12;404308.08 0.12;405308.1 0.12;406008.06 0;407008.08 0;408008.1 0;409308.18 0.12;410308.2 0.12;411308.22 0.12;412008.18 0;413008.2 0;414008.22 0;415308.3 0.12;416308.32 0.12;417308.34 0.12;418008.3 0;419008.32 0;420008.34 0;421308.42 0.12;422308.44 0.12;423308.46 0.12;424008.42 0;425008.44 0;426008.46 0;427308.54 0.12;428308.56 0.12;429308.58 0.12;430008.54 0;431008.56 0;432008.58 0;433308.66 0.12;434308.68 0.12;435308.7 0.12;436008.66 0;437008.68 0;438008.7 0;439308.78 0.12;440308.8 0.12;441308.82 0.12;442008.78 0;443008.8 0;444008.82 0;445308.9 0.12;446308.92 0.12;447308.94 0.12;448008.9 0;449008.92 0;450008.94 0;451309.02 0.12;452309.04 0.12;453309.06 0.12;454009.02 0;455009.04 0;456009.06 0;457309.14 0.12;458309.16 0.12;459309.18 0.12;460009.14 0;461009.16 0;462009.18 0;463309.26 0.12;464309.28 0.12;465309.3 0.12;466009.26 0;467009.28 0;468009.3 0;469309.38 0.12;470309.4 0.12;471309.42 0.12;472009.38 0;473009.4 0;474009.42 0;475309.5 0.12;476309.52 0.12;477309.54 0.12;478009.5 0;479009.52 0;480009.54 0;481309.62 0.12;482309.64 0.12;483309.66 0.12;484009.62 0;485009.64 0;486009.66 0;487309.74 0.12;488309.76 0.12;489309.78 0.12;490009.74 0;491009.76 0;492009.78 0;493309.86 0.12;494309.88 0.12;495309.9 0.12;496009.86 0;497009.88 0;498009.9 0;499309.98 0.12;500310 0.12;501310.02 0.12;502009.98 0;503010 0;504010.02 0;505310.1 0.12;506310.12 0.12;507310.14 0.12;508010.1 0;509010.12 0;510010.14 0;511310.22 0.12;512310.24 0.12;513310.26 0.12;514010.22 0;515010.24 0;516010.26 0;517310.34 0.12;518310.36 0.12;519310.38 0.12;520010.34 0;521010.36 0;522010.38 0;523310.46 0.12;524310.48 0.12;525310.5 0.12;526010.46 0;527010.48 0;528010.5 0;529310.58 0.12;530310.6 0.12;531310.62 0.12;532010.58 0;533010.6 0;534010.62 0;535310.7 0.12;536310.72 0.12;537310.74 0.12;538010.7 0;539010.72 0;540010.74 0;541310.82 0.12;542310.84 0.12;543310.86 0.12;544010.82 0;545010.84 0;546010.86 0;547310.94 0.12;548310.96 0.12;549310.98 0.12;550010.94 0;551010.96 0;552010.98 0;553311.06 0.12;554311.08 0.12;555311.1 0.12;556011.06 0;557011.08 0;558011.1 0;559311.18 0.12;560311.2 0.12;561311.22 0.12;562011.18 0;563011.2 0;564011.22 0;565311.3 0.12;566311.32 0.12;567311.34 0.12;568011.3 0;569011.32 0;570011.34 0;571311.42 0.12;572311.44 0.12;573311.46 0.12;574011.42 0;575011.44 0;576011.46 0;577311.54 0.12;578311.56 0.12;579311.58 0.12;580011.54 0;581011.56 0;582011.58 0;583311.66 0.12;584311.68 0.12;585311.7 0.12;586011.66 0;587011.68 0;588011.7 0;589311.78 0.12;590311.8 0.12;591311.82 0.12;592011.78 0;593011.8 0;594011.82 0;595311.9 0.12;596311.92 0.12;597311.94 0.12;598011.9 0;599011.92 0;600011.94 0;601312.02 0.12;602312.04 0.12;603312.06 0.12;604012.02 0;605012.04 0;606012.06 0;607312.14 0.12;608312.16 0.12;609312.18 0.12;610012.14 0;611012.16 0;612012.18 0;613312.26 0.12;614312.28 0.12;615312.3 0.12;616012.26 0;617012.28 0;618012.3 0;619312.38 0.12;620312.4 0.12;621312.42 0.12;622012.38 0;623012.4 0;624012.42 0;625312.5 0.12;626312.52 0.12;627312.54 0.12;628012.5 0;629012.52 0;630012.54 0;631312.62 0.12;632312.64 0.12;633312.66 0.12;634012.62 0;635012.64 0;636012.66 0;637312.74 0.12;638312.76 0.12;639312.78 0.12;640012.74 0;641012.76 0;642012.78 0;643312.86 0.12;644312.88 0.12;645312.9 0.12;646012.86 0;647012.88 0;648012.9 0;649312.98 0.12;650313 0.12;651313.02 0.12;652012.98 0;653013 0;654013.02 0;655313.1 0.12;656313.12 0.12;657313.14 0.12;658013.1 0;659013.12 0;660013.14 0;661313.22 0.12;662313.24 0.12;663313.26 0.12;664013.22 0;665013.24 0;666013.26 0;667313.34 0.12;668313.36 0.12;669313.38 