vectors = struct();
vectors.landingQueue_queueTime_0 = [101998.98 0;103998.96 0;105998.94 0;107998.92 0;109998.9 0;111998.88 0;113998.86 0;115998.84 0;117998.82 0;119998.8 0;121998.78 0;123998.76 0;125998.74 0;127998.72 0;129998.7 0;131998.68 0;133998.66 0;135998.64 0;137998.62 0;139998.6 0;141998.58 0;143998.56 0;145998.54 0;147998.52 0;149998.5 0;151998.48 0;153998.46 0;155998.44 0;157998.42 0;159998.4 0;161998.38 0;163998.36 0;165998.34 0;167998.32 0;169998.3 0;171998.28 0;173998.26 0;175998.24 0;177998.22 0;179998.2 0;181998.18 0;183998.16 0;185998.14 0;187998.12 0;189998.1 0;191998.08 0;193998.06 0;195998.04 0;197998.02 0;199998 0;201997.98 0;203997.96 0;205997.94 0;207997.92 0;209997.9 0;211997.88 0;213997.86 0;215997.84 0;217997.82 0;219997.8 0;221997.78 0;223997.76 0;225997.74 0;227997.72 0;229997.7 0;231997.68 0;233997.66 0;235997.64 0;237997.62 0;239997.6 0;241997.58 0;243997.56 0;245997.54 0;247997.52 0;249997.5 0;251997.48 0;253997.46 0;255997.44 0;257997.42 0;259997.4 0;261997.38 0;263997.36 0;265997.34 0;267997.32 0;269997.3 0;271997.28 0;273997.26 0;275997.24 0;277997.22 0;279997.2 0;281997.18 0;283997.16 0;285997.14 0;287997.12 0;289997.1 0;291997.08 0;293997.06 0;295997.04 0;297997.02 0;299997 0;301996.98 0;303996.96 0;305996.94 0;307996.92 0;309996.9 0;311996.88 0;313996.86 0;315996.84 0;317996.82 0;319996.8 0;321996.78 0;323996.76 0;325996.74 0;327996.72 0;329996.7 0;331996.68 0;333996.66 0;335996.64 0;337996.62 0;339996.6 0;341996.58 0;343996.56 0;345996.54 0;347996.52 0;349996.5 0;351996.48 0;353996.46 0;355996.44 0;357996.42 0;359996.4 0;361996.38 0;363996.36 0;365996.34 0;367996.32 0;369996.3 0;371996.28 0;373996.26 0;375996.24 0;377996.22 0;379996.2 0;381996.18 0;383996.16 0;385996.14 0;387996.12 0;389996.1 0;391996.08 0;393996.06 0;395996.04 0;397996.02 0;399996 0;401995.98 0;403995.96 0;405995.94 0;407995.92 0;409995.9 0;411995.88 0;413995.86 0;415995.84 0;417995.82 0;419995.8 0;421995.78 0;423995.76 0;425995.74 0;427995.72 0;429995.7 0;431995.68 0;433995.66 0;435995.64 0;437995.62 0;439995.6 0;441995.58 0;443995.56 0;445995.54 0;447995.52 0;449995.5 0;451995.48 0;453995.46 0;455995.44 0;457995.42 0;459995.4 0;461995.38 0;463995.36 0;465995.34 0;467995.32 0;469995.3 0;471995.28 0;473995.26 0;475995.24 0;477995.22 0;479995.2 0;481995.18 0;483995.16 0;485995.14 0;487995.12 0;489995.1 0;491995.08 0;493995.06 0;495995.04 0;497995.02 0;499995 0;501994.98 0;503994.96 0;505994.94 0;507994.92 0;509994.9 0;511994.88 0;513994.86 0;515994.84 0;517994.82 0;519994.8 0;521994.78 0;523994.76 0;525994.74 0;527994.72 0;529994.7 0;531994.68 0;533994.66 0;535994.64 0;537994.62 0;539994.6 0;541994.58 0;543994.56 0;545994.54 0;547994.52 0;549994.5 0;551994.48 0;553994.46 0;555994.44 0;557994.42 0;559994.4 0;561994.38 0;563994.36 0;565994.34 0;567994.32 0;569994.3 0;571994.28 0;573994.26 0;575994.24 0;577994.22 0;579994.2 0;581994.18 0;583994.16 0;585994.14 0;587994.12 0;589994.1 0;591994.08 0;593994.06 0;595994.04 0;597994.02 0;599994 0;601993.98 0;603993.96 0;605993.94 0;607993.92 0;609993.9 0;611993.88 0;613993.86 0;615993.84 0;617993.82 0;619993.8 0;621993.78 0;623993.76 0;625993.74 0;627993.72 0;629993.7 0;631993.68 0;633993.66 0;635993.64 0;637993.62 0;639993.6 0;641993.58 0;643993.56 0;645993.54 0;647993.52 0;649993.5 0;651993.48 0;653993.46 0;655993.44 0;657993.42 0;659993.4 0;661993.38 0;663993.36 0;665993.34 0;667993.32 0;669993.3 0;671993.28 0;673993.26 0;675993.24 0;677993.22 0;679993.2 0;681993.18 0;683993.16 0;685993.14 0;687993.12 0;689993.1 0;691993.08 0;693993.06 0;695993.04 0;697993.02 0;699993 0;701992.98 0;703992.96 0;705992.94 0;707992.92 0;709992.9 0;711992.88 0;713992.86 0;715992.84 0;717992.82 0;719992.8 0;721992.78 0;723992.76 0;725992.74 0;727992.72 0;729992.7 0;731992.68 0;733992.66 0;735992.64 0;737992.62 0;739992.6 0;741992.58 0;743992.56 0;745992.54 0;747992.52 0;749992.5 0;751992.48 0;753992.46 0;755992.44 0;757992.42 0;759992.4 0;761992.38 0;763992.36 0;765992.34 0;767992.32 0;769992.3 0;771992.28 0;773992.26 0;775992.24 0;777992.22 0;779992.2 0;781992.18 0;783992.16 0;785992.14 0;787992.12 0;789992.1 0;791992.08 0;793992.06 0;795992.04 0;797992.02 0;799992 0;801991.98 0;803991.96 0;805991.94 0;807991.92 0;809991.9 0;811991.88 0;813991.86 0;815991.84 0;817991.82 0;819991.8 0;821991.78 0;823991.76 0;825991.74 0;827991.72 0;829991.7 0;831991.68 0;833991.66 0;835991.64 0;837991.62 0;839991.6 0;841991.58 0;843991.56 0;845991.54 0;847991.52 0;849991.5 0;851991.48 0;853991.46 0;855991.44 0;857991.42 0;859991.4 0;861991.38 0;863991.36 0;865991.34 0;867991.32 0;869991.3 0;871991.28 0;873991.26 0;875991.24 0;877991.22 0;879991.2 0;881991.18 0;883991.16 0;885991.14 0;887991.12 0;889991.1 0;891991.08 0;893991.06 0;895991.04 0;897991.02 0;899991 0;901990.98 0;903990.96 0;905990.94 0;907990.92 0;909990.9 0;911990.88 0;913990.86 0;915990.84 0;917990.82 0;919990.8 0;921990.78 0;923990.76 0;925990.74 0;927990.72 0;929990.7 0;931990.68 0;933990.66 0;935990.64 0;937990.62 0;939990.6 0;941990.58 0;943990.56 0;945990.54 0;947990.52 0;949990.5 0;951990.48 0;953990.46 0;955990.44 0;957990.42 0;959990.4 0;961990.38 0;963990.36 0;965990.34 0;967990.32 0;969990.3 0;971990.28 0;973990.26 0;975990.24 0;977990.22 0;979990.2 0;981990.18 0;983990.16 0;985990.14 0;987990.12 0;989990.1 0;991990.08 0;993990.06 0;995990.04 0;997990.02 0;999990 0;1001989.98 0;1003989.96 0;1005989.94 0;1007989.92 0;1009989.9 0;1011989.88 0;1013989.86 0;1015989.84 0;1017989.82 0;1019989.8 0;1021989.78 0;1023989.76 0;1025989.74 0;1027989.72 0;1029989.7 0;1031989.68 0;1033989.66 0;1035989.64 0;];
vectors.size = 1;
