vectors = struct();
vectors.landingQueue_queueLength_0 = [101998.98 1;101998.98 0;103998.96 1;103998.96 0;105998.94 1;105998.94 0;107998.92 1;107998.92 0;109998.9 1;109998.9 0;111998.88 1;111998.88 0;113998.86 1;113998.86 0;115998.84 1;115998.84 0;117998.82 1;117998.82 0;119998.8 1;119998.8 0;121998.78 1;121998.78 0;123998.76 1;123998.76 0;125998.74 1;125998.74 0;127998.72 1;127998.72 0;129998.7 1;129998.7 0;131998.68 1;131998.68 0;133998.66 1;133998.66 0;135998.64 1;135998.64 0;137998.62 1;137998.62 0;139998.6 1;139998.6 0;141998.58 1;141998.58 0;143998.56 1;143998.56 0;145998.54 1;145998.54 0;147998.52 1;147998.52 0;149998.5 1;149998.5 0;151998.48 1;151998.48 0;153998.46 1;153998.46 0;155998.44 1;155998.44 0;157998.42 1;157998.42 0;159998.4 1;159998.4 0;161998.38 1;161998.38 0;163998.36 1;163998.36 0;165998.34 1;165998.34 0;167998.32 1;167998.32 0;169998.3 1;169998.3 0;171998.28 1;171998.28 0;173998.26 1;173998.26 0;175998.24 1;175998.24 0;177998.22 1;177998.22 0;179998.2 1;179998.2 0;181998.18 1;181998.18 0;183998.16 1;183998.16 0;185998.14 1;185998.14 0;187998.12 1;187998.12 0;189998.1 1;189998.1 0;191998.08 1;191998.08 0;193998.06 1;193998.06 0;195998.04 1;195998.04 0;197998.02 1;197998.02 0;199998 1;199998 0;201997.98 1;201997.98 0;203997.96 1;203997.96 0;205997.94 1;205997.94 0;207997.92 1;207997.92 0;209997.9 1;209997.9 0;211997.88 1;211997.88 0;213997.86 1;213997.86 0;215997.84 1;215997.84 0;217997.82 1;217997.82 0;219997.8 1;219997.8 0;221997.78 1;221997.78 0;223997.76 1;223997.76 0;225997.74 1;225997.74 0;227997.72 1;227997.72 0;229997.7 1;229997.7 0;231997.68 1;231997.68 0;233997.66 1;233997.66 0;235997.64 1;235997.64 0;237997.62 1;237997.62 0;239997.6 1;239997.6 0;241997.58 1;241997.58 0;243997.56 1;243997.56 0;245997.54 1;245997.54 0;247997.52 1;247997.52 0;249997.5 1;249997.5 0;251997.48 1;251997.48 0;253997.46 1;253997.46 0;255997.44 1;255997.44 0;257997.42 1;257997.42 0;259997.4 1;259997.4 0;261997.38 1;261997.38 0;263997.36 1;263997.36 0;265997.34 1;265997.34 0;267997.32 1;267997.32 0;269997.3 1;269997.3 0;271997.28 1;271997.28 0;273997.26 1;273997.26 0;275997.24 1;275997.24 0;277997.22 1;277997.22 0;279997.2 1;279997.2 0;281997.18 1;281997.18 0;283997.16 1;283997.16 0;285997.14 1;285997.14 0;287997.12 1;287997.12 0;289997.1 1;289997.1 0;291997.08 1;291997.08 0;293997.06 1;293997.06 0;295997.04 1;295997.04 0;297997.02 1;297997.02 0;299997 1;299997 0;301996.98 1;301996.98 0;303996.96 1;303996.96 0;305996.94 1;305996.94 0;307996.92 1;307996.92 0;309996.9 1;309996.9 0;311996.88 1;311996.88 0;313996.86 1;313996.86 0;315996.84 1;315996.84 0;317996.82 1;317996.82 0;319996.8 1;319996.8 0;321996.78 1;321996.78 0;323996.76 1;323996.76 0;325996.74 1;325996.74 0;327996.72 1;327996.72 0;329996.7 1;329996.7 0;331996.68 1;331996.68 0;333996.66 1;333996.66 0;335996.64 1;335996.64 0;337996.62 1;337996.62 0;339996.6 1;339996.6 0;341996.58 1;341996.58 0;343996.56 1;343996.56 0;345996.54 1;345996.54 0;347996.52 1;347996.52 0;349996.5 1;349996.5 0;351996.48 1;351996.48 0;353996.46 1;353996.46 0;355996.44 1;355996.44 0;357996.42 1;357996.42 0;359996.4 1;359996.4 0;361996.38 1;361996.38 0;363996.36 1;363996.36 0;365996.34 1;365996.34 0;367996.32 1;367996.32 0;369996.3 1;369996.3 0;371996.28 1;371996.28 0;373996.26 1;373996.26 0;375996.24 1;375996.24 0;377996.22 1;377996.22 0;379996.2 1;379996.2 0;381996.18 1;381996.18 0;383996.16 1;383996.16 0;385996.14 1;385996.14 0;387996.12 1;387996.12 0;389996.1 1;389996.1 0;391996.08 1;391996.08 0;393996.06 1;393996.06 0;395996.04 1;395996.04 0;397996.02 1;397996.02 0;399996 1;399996 0;401995.98 1;401995.98 0;403995.96 1;403995.96 0;405995.94 1;405995.94 0;407995.92 1;407995.92 0;409995.9 1;409995.9 0;411995.88 1;411995.88 0;413995.86 1;413995.86 0;415995.84 1;415995.84 0;417995.82 1;417995.82 0;419995.8 1;419995.8 0;421995.78 1;421995.78 0;423995.76 1;423995.76 0;425995.74 1;425995.74 0;427995.72 1;427995.72 0;429995.7 1;429995.7 0;431995.68 1;431995.68 0;433995.66 1;433995.66 0;435995.64 1;435995.64 0;437995.62 1;437995.62 0;439995.6 1;439995.6 0;441995.58 1;441995.58 0;443995.56 1;443995.56 0;445995.54 1;445995.54 0;447995.52 1;447995.52 0;449995.5 1;449995.5 0;451995.48 1;451995.48 0;453995.46 1;453995.46 0;455995.44 1;455995.44 0;457995.42 1;457995.42 0;459995.4 1;459995.4 0;461995.38 1;461995.38 0;463995.36 1;463995.36 0;465995.34 1;465995.34 0;467995.32 1;467995.32 0;469995.3 1;469995.3 0;471995.28 1;471995.28 0;473995.26 1;473995.26 0;475995.24 1;475995.24 0;477995.22 1;477995.22 0;479995.2 1;479995.2 0;481995.18 1;481995.18 0;483995.16 1;483995.16 0;485995.14 1;485995.14 0;487995.12 1;487995.12 0;489995.1 1;489995.1 0;491995.08 1;491995.08 0;493995.06 1;493995.06 0;495995.04 1;495995.04 0;497995.02 1;497995.02 0;499995 1;499995 0;501994.98 1;501994.98 0;503994.96 1;503994.96 0;505994.94 1;505994.94 0;507994.92 1;507994.92 0;509994.9 1;509994.9 0;511994.88 1;511994.88 0;513994.86 1;513994.86 0;515994.84 1;515994.84 0;517994.82 1;517994.82 0;519994.8 1;519994.8 0;521994.78 1;521994.78 0;523994.76 1;523994.76 0;525994.74 1;525994.74 0;527994.72 1;527994.72 0;529994.7 1;529994.7 0;531994.68 1;531994.68 0;533994.66 1;533994.66 0;535994.64 1;535994.64 0;537994.62 1;537994.62 0;539994.6 1;539994.6 0;541994.58 1;541994.58 0;543994.56 1;543994.56 0;545994.54 1;545994.54 0;547994.52 1;547994.52 0;549994.5 1;549994.5 0;551994.48 1;551994.48 0;553994.46 1;553994.46 0;555994.44 1;555994.44 0;557994.42 1;557994.42 0;559994.4 1;559994.4 0;561994.38 1;561994.38 0;563994.36 1;563994.36 0;565994.34 1;565994.34 0;567994.32 1;567994.32 0;569994.3 1;569994.3 0;571994.28 1;571994.28 0;573994.26 1;573994.26 0;575994.24 1;575994.24 0;577994.22 1;577994.22 0;579994.2 1;579994.2 0;581994.18 1;581994.18 0;583994.16 1;583994.16 0;585994.14 1;585994.14 0;587994.12 1;587994.12 0;589994.1 1;589994.1 0;591994.08 1;591994.08 0;593994.06 1;593994.06 0;595994.04 1;595994.04 0;597994.02 1;597994.02 0;599994 1;599994 0;601993.98 1;601993.98 0;603993.96 1;603993.96 0;605993.94 1;605993.94 0;607993.92 1;607993.92 0;609993.9 1;609993.9 0;611993.88 1;611993.88 0;613993.86 1;613993.86 0;615993.84 1;615993.84 0;617993.82 1;617993.82 0;619993.8 1;619993.8 0;621993.78 1;621993.78 0;623993.76 1;623993.76 0;625993.74 1;625993.74 0;627993.72 1;627993.72 0;629993.7 1;629993.7 0;631993.68 1;631993.68 0;633993.66 1;633993.66 0;635993.64 1;635993.64 0;637993.62 1;637993.62 0;639993.6 1;639993.6 0;641993.58 1;641993.58 0;643993.56 1;643993.56 0;645993.54 1;645993.54 0;647993.52 1;647993.52 0;649993.5 1;649993.5 0;651993.48 1;651993.48 0;653993.46 1;653993.46 0;655993.44 1;655993.44 0;657993.42 1;657993.42 0;659993.4 1;659993.4 0;661993.38 1;661993.38 0;663993.36 1;663993.36 0;665993.34 1;665993.34 0;667993.32 1;667993.32 0;669993.3 1;669993.3 0;671993.28 1;671993.28 0;673993.26 1;673993.26 0;675993.24 1;675993.24 0;677993.22 1;677993.22 0;679993.2 1;679993.2 0;681993.18 1;681993.18 0;683993.16 1;683993.16 0;685993.14 1;685993.14 0;687993.12 1;687993.12 0;689993.1 1;689993.1 0;691993.08 1;691993.08 0;693993.06 1;693993.06 0;695993.04 1;695993.04 0;697993.02 1;697993.02 0;699993 1;699993 0;701992.98 1;701992.98 0;703992.96 1;703992.96 0;705992.94 1;705992.94 0;707992.92 1;707992.92 0;709992.9 1;709992.9 0;711992.88 1;711992.88 0;713992.86 1;713992.86 0;715992.84 1;715992.84 0;717992.82 1;717992.82 0;719992.8 1;719992.8 0;721992.78 1;721992.78 0;723992.76 1;723992.76 0;725992.74 1;725992.74 0;727992.72 1;727992.72 0;729992.7 1;729992.7 0;731992.68 1;731992.68 0;733992.66 1;733992.66 0;735992.64 1;735992.64 0;737992.62 1;737992.62 0;739992.6 1;739992.6 0;741992.58 1;741992.58 0;743992.56 1;743992.56 0;745992.54 1;745992.54 0;747992.52 1;747992.52 0;749992.5 1;749992.5 0;751992.48 1;751992.48 0;753992.46 1;753992.46 0;755992.44 1;755992.44 0;757992.42 1;757992.42 0;759992.4 1;759992.4 0;761992.38 1;761992.38 0;763992.36 1;763992.36 0;765992.34 1;765992.34 0;767992.32 1;767992.32 0;769992.3 1;769992.3 0;771992.28 1;771992.28 0;773992.26 1;773992.26 0;775992.24 1;