vectors = struct();
vectors.parkingLot_parkingOccupancy_0 = [100299 2;100999.02 1;102298.98 2;102999 1;104298.96 2;104998.98 1;106298.94 2;106998.96 1;108298.92 2;108998.94 1;110298.9 2;110998.92 1;112298.88 2;112998.9 1;114298.86 2;114998.88 1;116298.84 2;116998.86 1;118298.82 2;118998.84 1;120298.8 2;120998.82 1;122298.78 2;122998.8 1;124298.76 2;124998.78 1;126298.74 2;126998.76 1;128298.72 2;128998.74 1;130298.7 2;130998.72 1;132298.68 2;132998.7 1;134298.66 2;134998.68 1;136298.64 2;136998.66 1;138298.62 2;138998.64 1;140298.6 2;140998.62 1;142298.58 2;142998.6 1;144298.56 2;144998.58 1;146298.54 2;146998.56 1;148298.52 2;148998.54 1;150298.5 2;150998.52 1;152298.48 2;152998.5 1;154298.46 2;154998.48 1;156298.44 2;156998.46 1;158298.42 2;158998.44 1;160298.4 2;160998.42 1;162298.38 2;162998.4 1;164298.36 2;164998.38 1;166298.34 2;166998.36 1;168298.32 2;168998.34 1;170298.3 2;170998.32 1;172298.28 2;172998.3 1;174298.26 2;174998.28 1;176298.24 2;176998.26 1;178298.22 2;178998.24 1;180298.2 2;180998.22 1;182298.18 2;182998.2 1;184298.16 2;184998.18 1;186298.14 2;186998.16 1;188298.12 2;188998.14 1;190298.1 2;190998.12 1;192298.08 2;192998.1 1;194298.06 2;194998.08 1;196298.04 2;196998.06 1;198298.02 2;198998.04 1;200298 2;200998.02 1;202297.98 2;202998 1;204297.96 2;204997.98 1;206297.94 2;206997.96 1;208297.92 2;208997.94 1;210297.9 2;210997.92 1;212297.88 2;212997.9 1;214297.86 2;214997.88 1;216297.84 2;216997.86 1;218297.82 2;218997.84 1;220297.8 2;220997.82 1;222297.78 2;222997.8 1;224297.76 2;224997.78 1;226297.74 2;226997.76 1;228297.72 2;228997.74 1;230297.7 2;230997.72 1;232297.68 2;232997.7 1;234297.66 2;234997.68 1;236297.64 2;236997.66 1;238297.62 2;238997.64 1;240297.6 2;240997.62 1;242297.58 2;242997.6 1;244297.56 2;244997.58 1;246297.54 2;246997.56 1;248297.52 2;248997.54 1;250297.5 2;250997.52 1;252297.48 2;252997.5 1;254297.46 2;254997.48 1;256297.44 2;256997.46 1;258297.42 2;258997.44 1;260297.4 2;260997.42 1;262297.38 2;262997.4 1;264297.36 2;264997.38 1;266297.34 2;266997.36 1;268297.32 2;268997.34 1;270297.3 2;270997.32 1;272297.28 2;272997.3 1;274297.26 2;274997.28 1;276297.24 2;276997.26 1;278297.22 2;278997.24 1;280297.2 2;280997.22 1;282297.18 2;282997.2 1;284297.16 2;284997.18 1;286297.14 2;286997.16 1;288297.12 2;288997.14 1;290297.1 2;290997.12 1;292297.08 2;292997.1 1;294297.06 2;294997.08 1;296297.04 2;296997.06 1;298297.02 2;298997.04 1;300297 2;300997.02 1;302296.98 2;302997 1;304296.96 2;304996.98 1;306296.94 2;306996.96 1;308296.92 2;308996.94 1;310296.9 2;310996.92 1;312296.88 2;312996.9 1;314296.86 2;314996.88 1;316296.84 2;316996.86 1;318296.82 2;318996.84 1;320296.8 2;320996.82 1;322296.78 2;322996.8 1;324296.76 2;324996.78 1;326296.74 2;326996.76 1;328296.72 2;328996.74 1;330296.7 2;330996.72 1;332296.68 2;332996.7 1;334296.66 2;334996.68 1;336296.64 2;336996.66 1;338296.62 2;338996.64 1;340296.6 2;340996.62 1;342296.58 2;342996.6 1;344296.56 2;344996.58 1;346296.54 2;346996.56 1;348296.52 2;348996.54 1;350296.5 2;350996.52 1;352296.48 2;352996.5 1;354296.46 2;354996.48 1;356296.44 2;356996.46 1;358296.42 2;358996.44 1;360296.4 2;360996.42 1;362296.38 2;362996.4 1;364296.36 2;364996.38 1;366296.34 2;366996.36 1;368296.32 2;368996.34 1;370296.3 2;370996.32 1;372296.28 2;372996.3 1;374296.26 2;374996.28 1;376296.24 2;376996.26 1;378296.22 2;378996.24 1;380296.2 2;380996.22 1;382296.18 2;382996.2 1;384296.16 2;384996.18 1;386296.14 2;386996.16 1;388296.12 2;388996.14 1;390296.1 2;390996.12 1;392296.08 2;392996.1 1;394296.06 2;394996.08 1;396296.04 2;396996.06 1;398296.02 2;398996.04 1;400296 2;400996.02 1;402295.98 2;402996 1;404295.96 2;404995.98 1;406295.94 2;406995.96 1;408295.92 2;408995.94 1;410295.9 2;410995.92 1;412295.88 2;412995.9 1;414295.86 2;414995.88 1;416295.84 2;416995.86 1;418295.82 2;418995.84 1;420295.8 2;420995.82 1;422295.78 2;422995.8 1;424295.76 2;424995.78 1;426295.74 2;426995.76 1;428295.72 2;428995.74 1;430295.7 2;430995.72 1;432295.68 2;432995.7 1;434295.66 2;434995.68 1;436295.64 2;436995.66 1;438295.62 2;438995.64 1;440295.6 2;440995.62 1;442295.58 2;442995.6 1;444295.56 2;444995.58 1;446295.54 2;446995.56 1;448295.52 2;448995.54 1;450295.5 2;450995.52 1;452295.48 2;452995.5 1;454295.46 2;454995.48 1;456295.44 2;456995.46 1;458295.42 2;458995.44 1;460295.4 2;460995.42 1;462295.38 2;462995.4 1;464295.36 2;464995.38 1;466295.34 2;466995.36 1;468295.32 2;468995.34 1;470295.3 2;470995.32 1;472295.28 2;472995.3 1;474295.26 2;474995.28 1;476295.24 2;476995.26 1;478295.22 2;478995.24 1;480295.2 2;480995.22 1;482295.18 2;482995.2 1;484295.16 2;484995.18 1;486295.14 2;486995.16 1;488295.12 2;488995.14 1;490295.1 2;490995.12 1;492295.08 2;492995.1 1;494295.06 2;494995.08 1;496295.04 2;496995.06 1;498295.02 2;498995.04 1;500295 2;500995.02 1;502294.98 2;502995 1;504294.96 2;504994.98 1;506294.94 2;506994.96 1;508294.92 2;508994.94 1;510294.9 2;510994.92 1;512294.88 2;512994.9 1;514294.86 2;514994.88 1;516294.84 2;516994.86 1;518294.82 2;518994.84 1;520294.8 2;520994.82 1;522294.78 2;522994.8 1;524294.76 2;524994.78 1;526294.74 2;526994.76 1;528294.72 2;528994.74 1;530294.7 2;530994.72 1;532294.68 2;532994.7 1;534294.66 2;534994.68 1;536294.64 2;536994.66 1;538294.62 2;538994.64 1;540294.6 2;540994.62 1;542294.58 2;542994.6 1;544294.56 2;544994.58 1;546294.54 2;546994.56 1;548294.52 2;548994.54 1;550294.5 2;550994.52 1;552294.48 2;552994.5 1;554294.46 2;554994.48 1;556294.44 2;556994.46 1;558294.42 2;558994.44 1;560294.4 2;560994.42 1;562294.38 2;562994.4 1;564294.36 2;564994.38 1;566294.34 2;566994.36 1;568294.32 2;568994.34 1;570294.3 2;570994.32 1;572294.28 2;572994.3 1;574294.26 2;574994.28 1;576294.24 2;576994.26 1;578294.22 2;578994.24 1;580294.2 2;580994.22 1;582294.18 2;582994.2 1;584294.16 2;584994.18 1;586294.14 2;586994.16 1;588294.12 2;588994.14 1;590294.1 2;590994.12 1;592294.08 2;592994.1 1;594294.06 2;594994.08 1;596294.04 2;596994.06 1;598294.02 2;598994.04 1;600294 2;600994.02 1;602293.98 2;602994 1;604293.96 2;604993.98 1;606293.94 2;606993.96 1;608293.92 2;608993.94 1;610293.9 2;610993.92 1;612293.88 2;612993.9 1;614293.86 2;614993.88 1;616293.84 2;616993.86 1;618293.82 2;618993.84 1;620293.8 2;620993.82 1;622293.78 2;622993.8 1;624293.76 2;624993.78 1;626293.74 2;626993.76 1;628293.72 2;628993.74 1;630293.7 2;630993.72 1;632293.68 2;632993.7 1;634293.66 2;634993.68 1;636293.64 2;636993.66 1;638293.62 2;638993.64 1;640293.6 2;640993.62 1;642293.58 2;642993.6 1;644293.56 2;644993.58 1;646293.54 2;646993.56 1;648293.52 2;648993.54 1;650293.5 2;650993.52 1;652293.48 2;652993.5 1;654293.46 2;654993.48 1;656293.44 2;656993.46 1;658293.42 2;658993.44 1;660293.4 2;660993.42 1;662293.38 2;662993.4 1;664293.36 2;664993.38 1;666293.34 2;666993.36 1;668293.32 2;668993.34 1;670293.3 2;670993.32 1;672293.28 2;672993.3 1;674293.26 2;674993.28 1;676293.24 2;676993.26 1;678293.22 2;678993.24 1;680293.2 2;680993.22 1;682293.18 2;682993.2 1;684293.16 2;684993.18 1;686293.14 2;686993.16 1;688293.12 2;688993.14 1;690293.1 2;690993.12 1;692293.08 2;692993.1 1;694293.06 2;694993.08 1;696293.04 2;696993.06 1;698293.02 2;698993.04 1;700293 2;700993.02 1;702292.98 2;702993 1;704292.96 2;704992.98 1;706292.94 2;706992.96 1;708292.92 2;708992.94 1;710292.9 2;710992.92 1;712292.88 2;712992.9 1;714292.86 2;714992.88 1;716292.84 2;716992.86 1;718292.82 2;718992.84 1;720292.8 2;720992.82 1;722292.78 2;722992.8 1;724292.76 2;724992.78 1;726292.74 2;726992.76 1;728292.72 2;728992.74 1;730292.7 2;730992.72 1;732292.68 2;732992.7 1;734292.66 2;734992.68 1;736292.64 2;736992.66 1;738292.62 2;738992.64 1;740292.6 2;740992.62 1;742292.58 2;742992.6 1;744292.56 2;744992.58 1;746292.54 2;746992.56 1;748292.52 2;748992.54 1;750292.5 2;750992.52 1;752292.48 2;752992.5 1;754292.46 2;754992.48 1;756292.44 2;756992.46 1;758292.42 2;758992.44 1;760292.4 2;760992.42 1;762292.38 2;762992.4 1;764292.36 2;764992.38 1;766292.34 2;766992.36 1;768292.32 2;768992.34 1;770292.3 2;770992.32 1;772292.28 2;772992.3 1;774292.26 2;