vectors = struct();
vectors.takeoffQueue_queueTime_0 = [100999.02 0;102999 0;104998.98 0;106998.96 0;108998.94 0;110998.92 0;112998.9 0;114998.88 0;116998.86 0;118998.84 0;120998.82 0;122998.8 0;124998.78 0;126998.76 0;128998.74 0;130998.72 0;132998.7 0;134998.68 0;136998.66 0;138998.64 0;140998.62 0;142998.6 0;144998.58 0;146998.56 0;148998.54 0;150998.52 0;152998.5 0;154998.48 0;156998.46 0;158998.44 0;160998.42 0;162998.4 0;164998.38 0;166998.36 0;168998.34 0;170998.32 0;172998.3 0;174998.28 0;176998.26 0;178998.24 0;180998.22 0;182998.2 0;184998.18 0;186998.16 0;188998.14 0;190998.12 0;192998.1 0;194998.08 0;196998.06 0;198998.04 0;200998.02 0;202998 0;204997.98 0;206997.96 0;208997.94 0;210997.92 0;212997.9 0;214997.88 0;216997.86 0;218997.84 0;220997.82 0;222997.8 0;224997.78 0;226997.76 0;228997.74 0;230997.72 0;232997.7 0;234997.68 0;236997.66 0;238997.64 0;240997.62 0;242997.6 0;244997.58 0;246997.56 0;248997.54 0;250997.52 0;252997.5 0;254997.48 0;256997.46 0;258997.44 0;260997.42 0;262997.4 0;264997.38 0;266997.36 0;268997.34 0;270997.32 0;272997.3 0;274997.28 0;276997.26 0;278997.24 0;280997.22 0;282997.2 0;284997.18 0;286997.16 0;288997.14 0;290997.12 0;292997.1 0;294997.08 0;296997.06 0;298997.04 0;300997.02 0;302997 0;304996.98 0;306996.96 0;308996.94 0;310996.92 0;312996.9 0;314996.88 0;316996.86 0;318996.84 0;320996.82 0;322996.8 0;324996.78 0;326996.76 0;328996.74 0;330996.72 0;332996.7 0;334996.68 0;336996.66 0;338996.64 0;340996.62 0;342996.6 0;344996.58 0;346996.56 0;348996.54 0;350996.52 0;352996.5 0;354996.48 0;356996.46 0;358996.44 0;360996.42 0;362996.4 0;364996.38 0;366996.36 0;368996.34 0;370996.32 0;372996.3 0;374996.28 0;376996.26 0;378996.24 0;380996.22 0;382996.2 0;384996.18 0;386996.16 0;388996.14 0;390996.12 0;392996.1 0;394996.08 0;396996.06 0;398996.04 0;400996.02 0;402996 0;404995.98 0;406995.96 0;408995.94 0;410995.92 0;412995.9 0;414995.88 0;416995.86 0;418995.84 0;420995.82 0;422995.8 0;424995.78 0;426995.76 0;428995.74 0;430995.72 0;432995.7 0;434995.68 0;436995.66 0;438995.64 0;440995.62 0;442995.6 0;444995.58 0;446995.56 0;448995.54 0;450995.52 0;452995.5 0;454995.48 0;456995.46 0;458995.44 0;460995.42 0;462995.4 0;464995.38 0;466995.36 0;468995.34 0;470995.32 0;472995.3 0;474995.28 0;476995.26 0;478995.24 0;480995.22 0;482995.2 0;484995.18 0;486995.16 0;488995.14 0;490995.12 0;492995.1 0;494995.08 0;496995.06 0;498995.04 0;500995.02 0;502995 0;504994.98 0;506994.96 0;508994.94 0;510994.92 0;512994.9 0;514994.88 0;516994.86 0;518994.84 0;520994.82 0;522994.8 0;524994.78 0;526994.76 0;528994.74 0;530994.72 0;532994.7 0;534994.68 0;536994.66 0;538994.64 0;540994.62 0;542994.6 0;544994.58 0;546994.56 0;548994.54 0;550994.52 0;552994.5 0;554994.48 0;556994.46 0;558994.44 0;560994.42 0;562994.4 0;564994.38 0;566994.36 0;568994.34 0;570994.32 0;572994.3 0;574994.28 0;576994.26 0;578994.24 0;580994.22 0;582994.2 0;584994.18 0;586994.16 0;588994.14 0;590994.12 0;592994.1 0;594994.08 0;596994.06 0;598994.04 0;600994.02 0;602994 0;604993.98 0;606993.96 0;608993.94 0;610993.92 0;612993.9 0;614993.88 0;616993.86 0;618993.84 0;620993.82 0;622993.8 0;624993.78 0;626993.76 0;628993.74 0;630993.72 0;632993.7 0;634993.68 0;636993.66 0;638993.64 0;640993.62 0;642993.6 0;644993.58 0;646993.56 0;648993.54 0;650993.52 0;652993.5 0;654993.48 0;656993.46 0;658993.44 0;660993.42 0;662993.4 0;664993.38 0;666993.36 0;668993.34 0;670993.32 0;672993.3 0;674993.28 0;676993.26 0;678993.24 0;680993.22 0;682993.2 0;684993.18 0;686993.16 0;688993.14 0;690993.12 0;692993.1 0;694993.08 0;696993.06 0;698993.04 0;700993.02 0;702993 0;704992.98 0;706992.96 0;708992.94 0;710992.92 0;712992.9 0;714992.88 0;716992.86 0;718992.84 0;720992.82 0;722992.8 0;724992.78 0;726992.76 0;728992.74 0;730992.72 0;732992.7 0;734992.68 0;736992.66 0;738992.64 0;740992.62 0;742992.6 0;744992.58 0;746992.56 0;748992.54 0;750992.52 0;752992.5 0;754992.48 0;756992.46 0;758992.44 0;760992.42 0;762992.4 0;764992.38 0;766992.36 0;768992.34 0;770992.32 0;772992.3 0;774992.28 0;776992.26 0;778992.24 0;780992.22 0;782992.2 0;784992.18 0;786992.16 0;788992.14 0;790992.12 0;792992.1 0;794992.08 0;796992.06 0;798992.04 0;800992.02 0;802992 0;804991.98 0;806991.96 0;808991.94 0;810991.92 0;812991.9 0;814991.88 0;816991.86 0;818991.84 0;820991.82 0;822991.8 0;824991.78 0;826991.76 0;828991.74 0;830991.72 0;832991.7 0;834991.68 0;836991.66 0;838991.64 0;840991.62 0;842991.6 0;844991.58 0;846991.56 0;848991.54 0;850991.52 0;852991.5 0;854991.48 0;856991.46 0;858991.44 0;860991.42 0;862991.4 0;864991.38 0;866991.36 0;868991.34 0;870991.32 0;872991.3 0;874991.28 0;876991.26 0;878991.24 0;880991.22 0;882991.2 0;884991.18 0;886991.16 0;888991.14 0;890991.12 0;892991.1 0;894991.08 0;896991.06 0;898991.04 0;900991.02 0;902991 0;904990.98 0;906990.96 0;908990.94 0;910990.92 0;912990.9 0;914990.88 0;916990.86 0;918990.84 0;920990.82 0;922990.8 0;924990.78 0;926990.76 0;928990.74 0;930990.72 0;932990.7 0;934990.68 0;936990.66 0;938990.64 0;940990.62 0;942990.6 0;944990.58 0;946990.56 0;948990.54 0;950990.52 0;952990.5 0;954990.48 0;956990.46 0;958990.44 0;960990.42 0;962990.4 0;964990.38 0;966990.36 0;968990.34 0;970990.32 0;972990.3 0;974990.28 0;976990.26 0;978990.24 0;980990.22 0;982990.2 0;984990.18 0;986990.16 0;988990.14 0;990990.12 0;992990.1 0;994990.08 0;996990.06 0;998990.04 0;1000990.02 0;1002990 0;1004989.98 0;1006989.96 0;1008989.94 0;1010989.92 0;1012989.9 0;1014989.88 0;1016989.86 0;1018989.84 0;1020989.82 0;1022989.8 0;1024989.78 0;1026989.76 0;1028989.74 0;1030989.72 0;1032989.7 0;1034989.68 0;];
vectors.size = 1;
