vectors = struct();
vectors.parkingLot_parkingOccupancy_0 = [302700 0;306900 1;308700 0;312900 1;314700 0;318900 1;320700 0;324900 1;326700 0;330900 1;332700 0;336900 1;338700 0;342900 1;344700 0;348900 1;350700 0;354900 1;356700 0;360900 1;362700 0;366900 1;368700 0;372900 1;374700 0;378900 1;380700 0;384900 1;386700 0;390900 1;392700 0;396900 1;398700 0;402900 1;404700 0;408900 1;410700 0;414900 1;416700 0;420900 1;422700 0;426900 1;428700 0;432900 1;434700 0;438900 1;440700 0;444900 1;446700 0;450900 1;452700 0;456900 1;458700 0;462900 1;464700 0;468900 1;470700 0;474900 1;476700 0;480900 1;482700 0;486900 1;488700 0;492900 1;494700 0;498900 1;500700 0;504900 1;506700 0;510900 1;512700 0;516900 1;518700 0;522900 1;524700 0;528900 1;530700 0;534900 1;536700 0;540900 1;542700 0;546900 1;548700 0;552900 1;554700 0;558900 1;560700 0;564900 1;566700 0;570900 1;572700 0;576900 1;578700 0;582900 1;584700 0;588900 1;590700 0;594900 1;596700 0;600900 1;602700 0;606900 1;608700 0;612900 1;614700 0;618900 1;620700 0;624900 1;626700 0;630900 1;632700 0;636900 1;638700 0;642900 1;644700 0;648900 1;650700 0;654900 1;656700 0;660900 1;662700 0;666900 1;668700 0;672900 1;674700 0;678900 1;680700 0;684900 1;686700 0;690900 1;692700 0;696900 1;698700 0;702900 1;704700 0;708900 1;710700 0;714900 1;716700 0;720900 1;722700 0;726900 1;728700 0;732900 1;734700 0;738900 1;740700 0;744900 1;746700 0;750900 1;752700 0;756900 1;758700 0;762900 1;764700 0;768900 1;770700 0;774900 1;776700 0;780900 1;782700 0;786900 1;788700 0;792900 1;794700 0;798900 1;800700 0;804900 1;806700 0;810900 1;812700 0;816900 1;818700 0;822900 1;824700 0;828900 1;830700 0;834900 1;836700 0;840900 1;842700 0;846900 1;848700 0;852900 1;854700 0;858900 1;860700 0;864900 1;866700 0;870900 1;872700 0;876900 1;878700 0;882900 1;884700 0;888900 1;890700 0;894900 1;896700 0;900900 1;902700 0;906900 1;908700 0;912900 1;914700 0;918900 1;920700 0;924900 1;926700 0;930900 1;932700 0;936900 1;938700 0;942900 1;944700 0;948900 1;950700 0;954900 1;956700 0;960900 1;962700 0;966900 1;968700 0;972900 1;974700 0;978900 1;980700 0;984900 1;986700 0;990900 1;992700 0;996900 1;998700 0;1002900 1;1004700 0;1008900 1;1010700 0;1014900 1;1016700 0;1020900 1;1022700 0;1026900 1;1028700 0;1032900 1;1034700 0;1038900 1;1040700 0;1044900 1;1046700 0;1050900 1;1052700 0;1056900 1;1058700 0;1062900 1;1064700 0;1068900 1;1070700 0;1074900 1;1076700 0;1080900 1;1082700 0;1086900 1;1088700 0;1092900 1;1094700 0;1098900 1;1100700 0;1104900 1;1106700 0;1110900 1;1112700 0;1116900 1;1118700 0;1122900 1;1124700 0;1128900 1;1130700 0;1134900 1;1136700 0;1140900 1;1142700 0;1146900 1;1148700 0;1152900 1;1154700 0;1158900 1;1160700 0;1164900 1;1166700 0;1170900 1;1172700 0;1176900 1;1178700 0;1182900 1;1184700 0;1188900 1;1190700 0;1194900 1;1196700 0;1200900 1;1202700 0;1206900 1;1208700 0;];
vectors.wg_responseTime_0 = [303000 9000;309000 9000;315000 9000;321000 9000;327000 9000;333000 9000;339000 9000;345000 9000;351000 9000;357000 9000;363000 9000;369000 9000;375000 9000;381000 9000;387000 9000;393000 9000;399000 9000;405000 9000;411000 9000;417000 9000;423000 9000;429000 9000;435000 9000;441000 9000;447000 9000;453000 9000;459000 9000;465000 9000;471000 9000;477000 9000;483000 9000;489000 9000;495000 9000;501000 9000;507000 9000;513000 9000;519000 9000;525000 9000;531000 9000;537000 9000;543000 9000;549000 9000;555000 9000;561000 9000;567000 9000;573000 9000;579000 9000;585000 9000;591000 9000;597000 9000;603000 9000;609000 9000;615000 9000;621000 9000;627000 9000;633000 9000;639000 9000;645000 9000;651000 9000;657000 9000;663000 9000;669000 9000;675000 9000;681000 9000;687000 9000;693000 9000;699000 9000;705000 9000;711000 9000;717000 9000;723000 9000;729000 9000;735000 9000;741000 9000;747000 9000;753000 9000;759000 9000;765000 9000;771000 9000;777000 9000;783000 9000;789000 9000;795000 9000;801000 9000;807000 9000;813000 9000;819000 9000;825000 9000;831000 9000;837000 9000;843000 9000;849000 9000;855000 9000;861000 9000;867000 9000;873000 9000;879000 9000;885000 9000;891000 9000;897000 9000;903000 9000;909000 9000;915000 9000;921000 9000;927000 9000;933000 9000;939000 9000;945000 9000;951000 9000;957000 9000;963000 9000;969000 9000;975000 9000;981000 9000;987000 9000;993000 9000;999000 9000;1005000 9000;1011000 9000;1017000 9000;1023000 9000;1029000 9000;1035000 9000;1041000 9000;1047000 9000;1053000 9000;1059000 9000;1065000 9000;1071000 9000;1077000 9000;1083000 9000;1089000 9000;1095000 9000;1101000 9000;1107000 9000;1113000 9000;1119000 9000;1125000 9000;1131000 9000;1137000 9000;1143000 9000;1149000 9000;1155000 9000;1161000 9000;1167000 9000;1173000 9000;1179000 9000;1185000 9000;1191000 9000;1197000 9000;1203000 9000;1209000 9000;];
vectors.landingQueue_queueTime_0 = [306000 0;312000 0;318000 0;324000 0;330000 0;336000 0;342000 0;348000 0;354000 0;360000 0;366000 0;372000 0;378000 0;384000 0;390000 0;396000 0;402000 0;408000 0;414000 0;420000 0;426000 0;432000 0;438000 0;444000 0;450000 0;456000 0;462000 0;468000 0;474000 0;480000 0;486000 0;492000 0;498000 0;504000 0;510000 0;516000 0;522000 0;528000 0;534000 0;540000 0;546000 0;552000 0;558000 0;564000 0;570000 0;576000 0;582000 0;588000 0;594000 0;600000 0;606000 0;612000 0;618000 0;624000 0;630000 0;636000 0;642000 0;648000 0;654000 0;660000 0;666000 0;672000 0;678000 0;684000 0;690000 0;696000 0;702000 0;708000 0;714000 0;720000 0;726000 0;732000 0;738000 0;744000 0;750000 0;756000 0;762000 0;768000 0;774000 0;780000 0;786000 0;792000 0;798000 0;804000 0;810000 0;816000 0;822000 0;828000 0;834000 0;840000 0;846000 0;852000 0;858000 0;864000 0;870000 0;876000 0;882000 0;888000 0;894000 0;900000 0;906000 0;912000 0;918000 0;924000 0;930000 0;936000 0;942000 0;948000 0;954000 0;960000 0;966000 0;972000 0;978000 0;984000 0;990000 0;996000 0;1002000 0;1008000 0;1014000 0;1020000 0;1026000 0;1032000 0;1038000 0;1044000 0;1050000 0;1056000 0;1062000 0;1068000 0;1074000 0;1080000 0;1086000 0;1092000 0;1098000 0;1104000 0;1110000 0;1116000 0;1122000 0;1128000 0;1134000 0;1140000 0;1146000 0;1152000 0;1158000 0;1164000 0;1170000 0;1176000 0;1182000 0;1188000 0;1194000 0;1200000 0;1206000 0;];
