vectors = struct();
vectors.landingQueue_queueTime_0 = [50250 0;51000 0;51750 0;52500 0;53250 0;54000 0;54750 0;55500 0;56250 0;57000 0;57750 0;58500 0;59250 0;60000 0;60750 0;61500 0;62250 0;63000 0;63750 0;64500 0;65250 0;66000 0;66750 0;67500 0;68250 0;69000 0;69750 0;70500 0;71250 0;72000 0;72750 0;73500 0;74250 0;75000 0;75750 0;76500 0;77250 0;78000 0;78750 0;79500 0;80250 0;81000 0;81750 0;82500 0;83250 0;84000 0;84750 0;85500 0;86250 0;87000 0;87750 0;88500 0;89250 0;90000 0;90750 0;91500 0;92250 0;93000 0;93750 0;94500 0;95250 0;96000 0;96750 0;97500 0;98250 0;99000 0;99750 0;100500 0;101250 0;102000 0;102750 0;103500 0;104250 0;105000 0;105750 0;106500 0;107250 0;108000 0;108750 0;109500 0;110250 0;111000 0;111750 0;112500 0;113250 0;114000 0;114750 0;115500 0;116250 0;117000 0;117750 0;118500 0;119250 0;120000 0;120750 0;121500 0;122250 0;123000 0;123750 0;124500 0;125250 0;126000 0;126750 0;127500 0;128250 0;129000 0;129750 0;130500 0;131250 0;132000 0;132750 0;133500 0;134250 0;135000 0;135750 0;136500 0;137250 0;138000 0;138750 0;139500 0;140250 0;141000 0;141750 0;142500 0;143250 0;144000 0;144750 0;145500 0;146250 0;147000 0;147750 0;148500 0;149250 0;150000 0;150750 0;151500 0;152250 0;153000 0;153750 0;154500 0;155250 0;156000 0;156750 0;157500 0;158250 0;159000 0;159750 0;160500 0;161250 0;162000 0;162750 0;163500 0;164250 0;165000 0;165750 0;166500 0;167250 0;168000 0;168750 0;169500 0;170250 0;171000 0;171750 0;172500 0;173250 0;174000 0;174750 0;175500 0;176250 0;177000 0;177750 0;178500 0;179250 0;180000 0;180750 0;181500 0;182250 0;183000 0;183750 0;184500 0;185250 0;186000 0;186750 0;187500 0;188250 0;189000 0;189750 0;190500 0;191250 0;192000 0;192750 0;193500 0;194250 0;195000 0;195750 0;196500 0;197250 0;198000 0;198750 0;199500 0;200250 0;201000 0;201750 0;202500 0;203250 0;204000 0;204750 0;205500 0;206250 0;207000 0;207750 0;208500 0;209250 0;210000 0;210750 0;211500 0;212250 0;213000 0;213750 0;214500 0;215250 0;216000 0;216750 0;217500 0;218250 0;219000 0;219750 0;220500 0;221250 0;222000 0;222750 0;223500 0;224250 0;225000 0;225750 0;226500 0;227250 0;228000 0;228750 0;229500 0;230250 0;231000 0;231750 0;232500 0;233250 0;234000 0;234750 0;235500 0;236250 0;237000 0;237750 0;238500 0;239250 0;240000 0;240750 0;241500 0;242250 0;243000 0;243750 0;244500 0;245250 0;246000 0;246750 0;247500 0;248250 0;249000 0;249750 0;250500 0;251250 0;252000 0;252750 0;253500 0;254250 0;255000 0;255750 0;256500 0;257250 0;258000 0;258750 0;259500 0;260250 0;261000 0;261750 0;262500 0;263250 0;264000 0;264750 0;265500 0;266250 0;267000 0;267750 0;268500 0;269250 0;270000 0;270750 0;271500 0;272250 0;273000 0;273750 0;274500 0;275250 0;276000 0;276750 0;277500 0;278250 0;279000 0;279750 0;280500 0;281250 0;282000 0;282750 0;283500 0;284250 0;285000 0;285750 0;286500 0;287250 0;288000 0;288750 0;289500 0;290250 0;291000 0;291750 0;292500 0;293250 0;294000 0;294750 0;295500 0;296250 0;297000 0;297750 0;298500 0;299250 0;300000 0;300750 0;301500 0;302250 0;303000 0;303750 0;304500 0;305250 0;306000 0;306750 0;307500 0;308250 0;309000 0;309750 0;310500 0;311250 0;312000 0;312750 0;313500 0;314250 0;315000 0;315750 0;316500 0;317250 0;318000 0;318750 0;319500 0;320250 0;321000 0;321750 0;322500 0;323250 0;324000 0;324750 0;325500 0;326250 0;327000 0;327750 0;328500 0;329250 0;330000 0;330750 0;331500 0;332250 0;333000 0;333750 0;334500 0;335250 0;336000 0;336750 0;337500 0;338250 0;339000 0;339750 0;340500 0;341250 0;342000 0;342750 0;343500 0;344250 0;345000 0;345750 0;346500 0;347250 0;348000 0;348750 0;349500 0;350250 0;351000 0;351750 0;352500 0;353250 0;354000 0;354750 0;355500 0;356250 0;357000 0;357750 0;358500 0;359250 0;360000 0;360750 0;361500 0;362250 0;363000 0;363750 0;364500 0;365250 0;366000 0;366750 0;367500 0;368250 0;369000 0;369750 0;370500 0;371250 0;372000 0;372750 0;373500 0;374250 0;375000 0;375750 0;376500 0;377250 0;378000 0;378750 0;379500 0;380250 0;381000 0;381750 0;382500 0;383250 0;384000 0;384750 0;385500 0;386250 0;387000 0;387750 0;388500 0;389250 0;390000 0;390750 0;391500 0;392250 0;393000 0;393750 0;394500 0;395250 0;396000 0;396750 0;397500 0;398250 0;399000 0;399750 0;400500 0;401250 0;402000 0;402750 0;403500 0;404250 0;405000 0;405750 0;406500 0;407250 0;408000 0;408750 0;409500 0;410250 0;411000 0;411750 0;412500 0;413250 0;414000 0;414750 0;415500 0;416250 0;417000 0;417750 0;418500 0;419250 0;420000 0;420750 0;421500 0;422250 0;423000 0;423750 0;424500 0;425250 0;426000 0;426750 0;427500 0;428250 0;429000 0;429750 0;430500 0;431250 0;432000 0;432750 0;433500 0;434250 0;435000 0;435750 0;436500 0;437250 0;438000 0;438750 0;439500 0;440250 0;441000 0;441750 0;442500 0;443250 0;444000 0;444750 0;445500 0;446250 0;447000 0;447750 0;448500 0;449250 0;450000 0;450750 0;451500 0;452250 0;453000 0;453750 0;454500 0;455250 0;456000 0;456750 0;457500 0;458250 0;459000 0;459750 0;460500 0;461250 0;462000 0;462750 0;463500 0;464250 0;465000 0;465750 0;466500 0;467250 0;468000 0;468750 0;469500 0;470250 0;471000 0;471750 0;472500 0;473250 0;474000 0;474750 0;475500 0;476250 0;477000 0;477750 0;478500 0;479250 0;480000 0;480750 0;481500 0;482250 0;483000 0;483750 0;484500 0;485250 0;486000 0;486750 0;487500 0;488250 0;489000 0;489750 0;490500 0;491250 0;492000 0;492750 0;493500 0;494250 0;495000 0;495750 0;496500 0;497250 0;498000 0;498750 0;499500 0;500250 0;501000 0;501750 0;502500 0;503250 0;504000 0;504750 0;505500 0;506250 0;507000 0;507750 0;508500 0;509250 0;510000 0;510750 0;511500 0;512250 0;513000 0;513750 0;514500 0;515250 0;516000 0;516750 0;517500 0;518250 0;519000 0;519750 0;520500 0;521250 0;522000 0;522750 0;523500 0;524250 0;525000 0;525750 0;526500 0;527250 0;528000 0;528750 0;529500 0;530250 0;531000 0;531750 0;532500 0;533250 0;534000 0;534750 0;535500 0;536250 0;537000 0;537750 0;538500 0;539250 0;540000 0;540750 0;541500 0;542250 0;543000 0;543750 0;544500 0;545250 0;546000 0;546750 0;547500 0;548250 0;549000 0;549750 0;550500 0;551250 0;552000 0;552750 0;553500 0;554250 0;555000 0;555750 0;556500 0;557250 0;558000 0;558750 0;559500 0;560250 0;561000 0;561750 0;562500 0;563250 0;564000 0;564750 0;565500 0;566250 0;567000 0;567750 0;568500 0;569250 0;570000 0;570750 0;571500 0;572250 0;573000 0;573750 0;574500 0;575250 0;576000 0;576750 0;577500 0;578250 0;579000 0;579750 0;580500 0;581250 0;582000 0;582750 0;583500 0;584250 0;585000 0;585750 0;586500 0;587250 0;588000 0;588750 0;589500 0;590250 0;591000 0;591750 0;592500 0;593250 0;594000 0;594750 0;595500 0;596250 0;597000 0;597750 0;598500 0;599250 0;600000 0;600750 0;601500 0;602250 0;603000 0;603750 0;604500 0;605250 0;606000 0;606750 0;607500 0;608250 0;609000 0;609750 0;610500 0;611250 0;612000 0;612750 0;613500 0;614250 0;615000 0;615750 0;616500 0;617250 0;618000 0;618750 0;619500 0;620250 0;621000 0;621750 0;622500 0;623250 0;624000 0;624750 0;625500 0;626250 0;627000 0;627750 0;628500 0;629250 0;630000 0;630750 0;631500 0;632250 0;633000 0;633750 0;634500 0;635250 0;636000 0;636750 0;637500 0;638250 0;639000 0;639750 0;640500 0;641250 0;642000 0;642750 0;643500 0;644250 0;645000 0;645750 0;646500 0;647250 0;648000 0;648750 0;649500 0;650250 0;651000 0;651750 0;652500 0;653250 0;654000 0;654750 0;655500 0;656250 0;657000 0;657750 0;658500 0;659250 0;660000 0;660750 0;661500 0;662250 0;663000 0;663750 0;664500 0;665250 0;666000 0;666750 0;667500 0;668250 0;669000 0;669750 0;670500 0;671250 0;672000 0;672750 0;673500 0;674250 0;675000 0;675750 0;676500 0;677250 0;678000 0;678750 0;679500 0;680250 0;681000 0;681750 0;682500 0;683250 0;684000 0;684750 0;685500 0;686250 0;687000 0;687750 0;688500 0;689250 0;690000 0;690750 0;691500 0;692250 0;693000 0;693750 0;694500 0;695250 0;696000 0;696750 0;697500 0;698250 0;699000 0;699750 0;700500 0;701250 0;702000 0;702750 0;703500 0;704250 0;705000 0;705750 0;706500 0;707250 0;708000 0;708750 0;709500 0;710250 0;711000 0;711750 0;712500 0;713250 0;714000 0;714750 0;715500 0;716250 0;717000 0;