vectors = struct();
vectors.landingQueue_queueLength_0 = [50250 1;50250 0;51000 1;51000 0;51750 1;51750 0;52500 1;52500 0;53250 1;53250 0;54000 1;54000 0;54750 1;54750 0;55500 1;55500 0;56250 1;56250 0;57000 1;57000 0;57750 1;57750 0;58500 1;58500 0;59250 1;59250 0;60000 1;60000 0;60750 1;60750 0;61500 1;61500 0;62250 1;62250 0;63000 1;63000 0;63750 1;63750 0;64500 1;64500 0;65250 1;65250 0;66000 1;66000 0;66750 1;66750 0;67500 1;67500 0;68250 1;68250 0;69000 1;69000 0;69750 1;69750 0;70500 1;70500 0;71250 1;71250 0;72000 1;72000 0;72750 1;72750 0;73500 1;73500 0;74250 1;74250 0;75000 1;75000 0;75750 1;75750 0;76500 1;76500 0;77250 1;77250 0;78000 1;78000 0;78750 1;78750 0;79500 1;79500 0;80250 1;80250 0;81000 1;81000 0;81750 1;81750 0;82500 1;82500 0;83250 1;83250 0;84000 1;84000 0;84750 1;84750 0;85500 1;85500 0;86250 1;86250 0;87000 1;87000 0;87750 1;87750 0;88500 1;88500 0;89250 1;89250 0;90000 1;90000 0;90750 1;90750 0;91500 1;91500 0;92250 1;92250 0;93000 1;93000 0;93750 1;93750 0;94500 1;94500 0;95250 1;95250 0;96000 1;96000 0;96750 1;96750 0;97500 1;97500 0;98250 1;98250 0;99000 1;99000 0;99750 1;99750 0;100500 1;100500 0;101250 1;101250 0;102000 1;102000 0;102750 1;102750 0;103500 1;103500 0;104250 1;104250 0;105000 1;105000 0;105750 1;105750 0;106500 1;106500 0;107250 1;107250 0;108000 1;108000 0;108750 1;108750 0;109500 1;109500 0;110250 1;110250 0;111000 1;111000 0;111750 1;111750 0;112500 1;112500 0;113250 1;113250 0;114000 1;114000 0;114750 1;114750 0;115500 1;115500 0;116250 1;116250 0;117000 1;117000 0;117750 1;117750 0;118500 1;118500 0;119250 1;119250 0;120000 1;120000 0;120750 1;120750 0;121500 1;121500 0;122250 1;122250 0;123000 1;123000 0;123750 1;123750 0;124500 1;124500 0;125250 1;125250 0;126000 1;126000 0;126750 1;126750 0;127500 1;127500 0;128250 1;128250 0;129000 1;129000 0;129750 1;129750 0;130500 1;130500 0;131250 1;131250 0;132000 1;132000 0;132750 1;132750 0;133500 1;133500 0;134250 1;134250 0;135000 1;135000 0;135750 1;135750 0;136500 1;136500 0;137250 1;137250 0;138000 1;138000 0;138750 1;138750 0;139500 1;139500 0;140250 1;140250 0;141000 1;141000 0;141750 1;141750 0;142500 1;142500 0;143250 1;143250 0;144000 1;144000 0;144750 1;144750 0;145500 1;145500 0;146250 1;146250 0;147000 1;147000 0;147750 1;147750 0;148500 1;148500 0;149250 1;149250 0;150000 1;150000 0;150750 1;150750 0;151500 1;151500 0;152250 1;152250 0;153000 1;153000 0;153750 1;153750 0;154500 1;154500 0;155250 1;155250 0;156000 1;156000 0;156750 1;156750 0;157500 1;157500 0;158250 1;158250 0;159000 1;159000 0;159750 1;159750 0;160500 1;160500 0;161250 1;161250 0;162000 1;162000 0;162750 1;162750 0;163500 1;163500 0;164250 1;164250 0;165000 1;165000 0;165750 1;165750 0;166500 1;166500 0;167250 1;167250 0;168000 1;168000 0;168750 1;168750 0;169500 1;169500 0;170250 1;170250 0;171000 1;171000 0;171750 1;171750 0;172500 1;172500 0;173250 1;173250 0;174000 1;174000 0;174750 1;174750 0;175500 1;175500 0;176250 1;176250 0;177000 1;177000 0;177750 1;177750 0;178500 1;178500 0;179250 1;179250 0;180000 1;180000 0;180750 1;180750 0;181500 1;181500 0;182250 1;182250 0;183000 1;183000 0;183750 1;183750 0;184500 1;184500 0;185250 1;185250 0;186000 1;186000 0;186750 1;186750 0;187500 1;187500 0;188250 1;188250 0;189000 1;189000 0;189750 1;189750 0;190500 1;190500 0;191250 1;191250 0;192000 1;192000 0;192750 1;192750 0;193500 1;193500 0;194250 1;194250 0;195000 1;195000 0;195750 1;195750 0;196500 1;196500 0;197250 1;197250 0;198000 1;198000 0;198750 1;198750 0;199500 1;199500 0;200250 1;200250 0;201000 1;201000 0;201750 1;201750 0;202500 1;202500 0;203250 1;203250 0;204000 1;204000 0;204750 1;204750 0;205500 1;205500 0;206250 1;206250 0;207000 1;207000 0;207750 1;207750 0;208500 1;208500 0;209250 1;209250 0;210000 1;210000 0;210750 1;210750 0;211500 1;211500 0;212250 1;212250 0;213000 1;213000 0;213750 1;213750 0;214500 1;214500 0;215250 1;215250 0;216000 1;216000 0;216750 1;216750 0;217500 1;217500 0;218250 1;218250 0;219000 1;219000 0;219750 1;219750 0;220500 1;220500 0;221250 1;221250 0;222000 1;222000 0;222750 1;222750 0;223500 1;223500 0;224250 1;224250 0;225000 1;225000 0;225750 1;225750 0;226500 1;226500 0;227250 1;227250 0;228000 1;228000 0;228750 1;228750 0;229500 1;229500 0;230250 1;230250 0;231000 1;231000 0;231750 1;231750 0;232500 1;232500 0;233250 1;233250 0;234000 1;234000 0;234750 1;234750 0;235500 1;235500 0;236250 1;236250 0;237000 1;237000 0;237750 1;237750 0;238500 1;238500 0;239250 1;239250 0;240000 1;240000 0;240750 1;240750 0;241500 1;241500 0;242250 1;242250 0;243000 1;243000 0;243750 1;243750 0;244500 1;244500 0;245250 1;245250 0;246000 1;246000 0;246750 1;246750 0;247500 1;247500 0;248250 1;248250 0;249000 1;249000 0;249750 1;249750 0;250500 1;250500 0;251250 1;251250 0;252000 1;252000 0;252750 1;252750 0;253500 1;253500 0;254250 1;254250 0;255000 1;255000 0;255750 1;255750 0;256500 1;256500 0;257250 1;257250 0;258000 1;258000 0;258750 1;258750 0;259500 1;259500 0;260250 1;260250 0;261000 1;261000 0;261750 1;261750 0;262500 1;262500 0;263250 1;263250 0;264000 1;264000 0;264750 1;264750 0;265500 1;265500 0;266250 1;266250 0;267000 1;267000 0;267750 1;267750 0;268500 1;268500 0;269250 1;269250 0;270000 1;270000 0;270750 1;270750 0;271500 1;271500 0;272250 1;272250 0;273000 1;273000 0;273750 1;273750 0;274500 1;274500 0;275250 1;275250 0;276000 1;276000 0;276750 1;276750 0;277500 1;277500 0;278250 1;278250 0;279000 1;279000 0;279750 1;279750 0;280500 1;280500 0;281250 1;281250 0;282000 1;282000 0;282750 1;282750 0;283500 1;283500 0;284250 1;284250 0;285000 1;285000 0;285750 1;285750 0;286500 1;286500 0;287250 1;287250 0;288000 1;288000 0;288750 1;288750 0;289500 1;289500 0;290250 1;290250 0;291000 1;291000 0;291750 1;291750 0;292500 1;292500 0;293250 1;293250 0;294000 1;294000 0;294750 1;294750 0;295500 1;295500 0;296250 1;296250 0;297000 1;297000 0;297750 1;297750 0;298500 1;298500 0;299250 1;299250 0;300000 1;300000 0;300750 1;300750 0;301500 1;301500 0;302250 1;302250 0;303000 1;303000 0;303750 1;303750 0;304500 1;304500 0;305250 1;305250 0;306000 1;306000 0;306750 1;306750 0;307500 1;307500 0;308250 1;308250 0;309000 1;309000 0;309750 1;309750 0;310500 1;310500 0;311250 1;311250 0;312000 1;312000 0;312750 1;312750 0;313500 1;313500 0;314250 1;314250 0;315000 1;315000 0;315750 1;315750 0;316500 1;316500 0;317250 1;317250 0;318000 1;318000 0;318750 1;318750 0;319500 1;319500 0;320250 1;320250 0;321000 1;321000 0;321750 1;321750 0;322500 1;322500 0;323250 1;323250 0;324000 1;324000 0;324750 1;324750 0;325500 1;325500 0;326250 1;326250 0;327000 1;327000 0;327750 1;327750 0;328500 1;328500 0;329250 1;329250 0;330000 1;330000 0;330750 1;330750 0;331500 1;331500 0;332250 1;332250 0;333000 1;333000 0;333750 1;333750 0;334500 1;334500 0;335250 1;335250 0;336000 1;336000 0;336750 1;336750 0;337500 1;337500 0;338250 1;338250 0;339000 1;339000 0;339750 1;339750 0;340500 1;340500 0;341250 1;341250 0;342000 1;342000 0;342750 1;342750 0;343500 1;343500 0;344250 1;344250 0;345000 1;345000 0;345750 1;345750 0;346500 1;346500 0;347250 1;347250 0;348000 1;348000 0;348750 1;348750 0;349500 1;349500 0;350250 1;350250 0;351000 1;351000 0;351750 1;351750 0;352500 1;352500 0;353250 1;353250 0;354000 1;354000 0;354750 1;354750 0;355500 1;355500 0;356250 1;356250 0;357000 1;357000 0;357750 1;357750 0;358500 1;358500 0;359250 1;359250 0;360000 1;360000 0;360750 1;360750 0;361500 1;361500 0;362250 1;362250 0;363000 1;363000 0;363750 1;363750 0;364500 1;364500 0;365250 1;365250 0;366000 1;366000 0;366750 1;366750 0;367500 1;367500 0;368250 1;368250 0;369000 1;369000 0;369750 1;369750 0;370500 1;370500 0;371250 1;371250 0;372000 1;372000 0;372750 1;372750 0;373500 1;373500 0;374250 1;374250 0;375000 1;375000 0;375750 1;375750 0;376500 1;376500 0;377250 1;377250 0;378000 1;378000 0;378750 1;378750 0;379500 1;379500 0;380250 1;380250 0;381000 1;381000 0;381750 1;381750 0;382500 1;382500 0;383250 1;383250 0;384000 1;384000 0;384750 1;384750 0;385500 1;385500 0;386250 1;