vectors = struct();
vectors.takeoffQueue_queueTime_0 = [50550 300;51300 300;52050 300;52800 300;53550 300;54300 300;55050 300;55800 300;56550 300;57300 300;58050 300;58800 300;59550 300;60300 300;61050 300;61800 300;62550 300;63300 300;64050 300;64800 300;65550 300;66300 300;67050 300;67800 300;68550 300;69300 300;70050 300;70800 300;71550 300;72300 300;73050 300;73800 300;74550 300;75300 300;76050 300;76800 300;77550 300;78300 300;79050 300;79800 300;80550 300;81300 300;82050 300;82800 300;83550 300;84300 300;85050 300;85800 300;86550 300;87300 300;88050 300;88800 300;89550 300;90300 300;91050 300;91800 300;92550 300;93300 300;94050 300;94800 300;95550 300;96300 300;97050 300;97800 300;98550 300;99300 300;100050 300;100800 300;101550 300;102300 300;103050 300;103800 300;104550 300;105300 300;106050 300;106800 300;107550 300;108300 300;109050 300;109800 300;110550 300;111300 300;112050 300;112800 300;113550 300;114300 300;115050 300;115800 300;116550 300;117300 300;118050 300;118800 300;119550 300;120300 300;121050 300;121800 300;122550 300;123300 300;124050 300;124800 300;125550 300;126300 300;127050 300;127800 300;128550 300;129300 300;130050 300;130800 300;131550 300;132300 300;133050 300;133800 300;134550 300;135300 300;136050 300;136800 300;137550 300;138300 300;139050 300;139800 300;140550 300;141300 300;142050 300;142800 300;143550 300;144300 300;145050 300;145800 300;146550 300;147300 300;148050 300;148800 300;149550 300;150300 300;151050 300;151800 300;152550 300;153300 300;154050 300;154800 300;155550 300;156300 300;157050 300;157800 300;158550 300;159300 300;160050 300;160800 300;161550 300;162300 300;163050 300;163800 300;164550 300;165300 300;166050 300;166800 300;167550 300;168300 300;169050 300;169800 300;170550 300;171300 300;172050 300;172800 300;173550 300;174300 300;175050 300;175800 300;176550 300;177300 300;178050 300;178800 300;179550 300;180300 300;181050 300;181800 300;182550 300;183300 300;184050 300;184800 300;185550 300;186300 300;187050 300;187800 300;188550 300;189300 300;190050 300;190800 300;191550 300;192300 300;193050 300;193800 300;194550 300;195300 300;196050 300;196800 300;197550 300;198300 300;199050 300;199800 300;200550 300;201300 300;202050 300;202800 300;203550 300;204300 300;205050 300;205800 300;206550 300;207300 300;208050 300;208800 300;209550 300;210300 300;211050 300;211800 300;212550 300;213300 300;214050 300;214800 300;215550 300;216300 300;217050 300;217800 300;218550 300;219300 300;220050 300;220800 300;221550 300;222300 300;223050 300;223800 300;224550 300;225300 300;226050 300;226800 300;227550 300;228300 300;229050 300;229800 300;230550 300;231300 300;232050 300;232800 300;233550 300;234300 300;235050 300;235800 300;236550 300;237300 300;238050 300;238800 300;239550 300;240300 300;241050 300;241800 300;242550 300;243300 300;244050 300;244800 300;245550 300;246300 300;247050 300;247800 300;248550 300;249300 300;250050 300;250800 300;251550 300;252300 300;253050 300;253800 300;254550 300;255300 300;256050 300;256800 300;257550 300;258300 300;259050 300;259800 300;260550 300;261300 300;262050 300;262800 300;263550 300;264300 300;265050 300;265800 300;266550 300;267300 300;268050 300;268800 300;269550 300;270300 300;271050 300;271800 300;272550 300;273300 300;274050 300;274800 300;275550 300;276300 300;277050 300;277800 300;278550 300;279300 300;280050 300;280800 300;281550 300;282300 300;283050 300;283800 300;284550 300;285300 300;286050 300;286800 300;287550 300;288300 300;289050 300;289800 300;290550 300;291300 300;292050 300;292800 300;293550 300;294300 300;295050 300;295800 300;296550 300;297300 300;298050 300;298800 300;299550 300;300300 300;301050 300;301800 300;302550 300;303300 300;304050 300;304800 300;305550 300;306300 300;307050 300;307800 300;308550 300;309300 300;310050 300;310800 300;311550 300;312300 300;313050 300;313800 300;314550 300;315300 300;316050 300;316800 300;317550 300;318300 300;319050 300;319800 300;320550 300;321300 300;322050 300;322800 300;323550 300;324300 300;325050 300;325800 300;326550 300;327300 300;328050 300;328800 300;329550 300;330300 300;331050 300;331800 300;332550 300;333300 300;334050 300;334800 300;335550 300;336300 300;337050 300;337800 300;338550 300;339300 300;340050 300;340800 300;341550 300;342300 300;343050 300;343800 300;344550 300;345300 300;346050 300;346800 300;347550 300;348300 300;349050 300;349800 300;350550 300;351300 300;352050 300;352800 300;353550 300;354300 300;355050 300;355800 300;356550 300;357300 300;358050 300;358800 300;359550 300;360300 300;361050 300;361800 300;362550 300;363300 300;364050 300;364800 300;365550 300;366300 300;367050 300;367800 300;368550 300;369300 300;370050 300;370800 300;371550 300;372300 300;373050 300;373800 300;374550 300;375300 300;376050 300;376800 300;377550 300;378300 300;379050 300;379800 300;380550 300;381300 300;382050 300;382800 300;383550 300;384300 300;385050 300;385800 300;386550 300;387300 300;388050 300;388800 300;389550 300;390300 300;391050 300;391800 300;392550 300;393300 300;394050 300;394800 300;395550 300;396300 300;397050 300;397800 300;398550 300;399300 300;400050 300;400800 300;401550 300;402300 300;403050 300;403800 300;404550 300;405300 300;406050 300;406800 300;407550 300;408300 300;409050 300;409800 300;410550 300;411300 300;412050 300;412800 300;413550 300;414300 300;415050 300;415800 300;416550 300;417300 300;418050 300;418800 300;419550 300;420300 300;421050 300;421800 300;422550 300;423300 300;424050 300;424800 300;425550 300;426300 300;427050 300;427800 300;428550 300;429300 300;430050 300;430800 300;431550 300;432300 300;433050 300;433800 300;434550 300;435300 300;436050 300;436800 300;437550 300;438300 300;439050 300;439800 300;440550 300;441300 300;442050 300;442800 300;443550 300;444300 300;445050 300;445800 300;446550 300;447300 300;448050 300;448800 300;449550 300;450300 300;451050 300;451800 300;452550 300;453300 300;454050 300;454800 300;455550 300;456300 300;457050 300;457800 300;458550 300;459300 300;460050 300;460800 300;461550 300;462300 300;463050 300;463800 300;464550 300;465300 300;466050 300;466800 300;467550 300;468300 300;469050 300;469800 300;470550 300;471300 300;472050 300;472800 300;473550 300;474300 300;475050 300;475800 300;476550 300;477300 300;478050 300;478800 300;479550 300;480300 300;481050 300;481800 300;482550 300;483300 300;484050 300;484800 300;485550 300;486300 300;487050 300;487800 300;488550 300;489300 300;490050 300;490800 300;491550 300;492300 300;493050 300;493800 300;494550 300;495300 300;496050 300;496800 300;497550 300;498300 300;499050 300;499800 300;500550 300;501300 300;502050 300;502800 300;503550 300;504300 300;505050 300;505800 300;506550 300;507300 300;508050 300;508800 300;509550 300;510300 300;511050 300;511800 300;512550 300;513300 300;514050 300;514800 300;515550 300;516300 300;517050 300;517800 300;518550 300;519300 300;520050 300;520800 300;521550 300;522300 300;523050 300;523800 300;524550 300;525300 300;526050 300;526800 300;527550 300;528300 300;529050 300;529800 300;530550 300;531300 300;532050 300;532800 300;533550 300;534300 300;535050 300;535800 300;536550 300;537300 300;538050 300;538800 300;539550 300;540300 300;541050 300;541800 300;542550 300;543300 300;544050 300;544800 300;545550 300;546300 300;547050 300;547800 300;548550 300;549300 300;550050 300;550800 300;551550 300;552300 300;553050 300;553800 300;554550 300;555300 300;556050 300;556800 300;557550 300;558300 300;559050 300;559800 300;560550 300;561300 300;562050 300;562800 300;563550 300;564300 300;565050 300;565800 300;566550 300;567300 300;568050 300;568800 300;569550 300;570300 300;571050 300;571800 300;572550 300;573300 300;574050 300;574800 300;575550 300;576300 300;577050 300;577800 300;578550 300;579300 300;580050 300;580800 300;581550 300;582300 300;583050 300;583800 300;584550 300;585300 300;586050 300;586800 300;587550 300;588300 300;589050 300;589800 300;590550 300;591300 300;592050 300;592800 300;593550 300;594300 300;595050 300;595800 300;