vectors = struct();
vectors.landingQueue_queueTime_0 = [156000 0;159000 0;162000 0;165000 0;168000 0;171000 0;174000 0;177000 0;180000 0;183000 0;186000 0;189000 0;192000 0;195000 0;198000 0;201000 0;204000 0;207000 0;210000 0;213000 0;216000 0;219000 0;222000 0;225000 0;228000 0;231000 0;234000 0;237000 0;240000 0;243000 0;246000 0;249000 0;252000 0;255000 0;258000 0;261000 0;264000 0;267000 0;270000 0;273000 0;276000 0;279000 0;282000 0;285000 0;288000 0;291000 0;294000 0;297000 0;300000 0;303000 0;306000 0;309000 0;312000 0;315000 0;318000 0;321000 0;324000 0;327000 0;330000 0;333000 0;336000 0;339000 0;342000 0;345000 0;348000 0;351000 0;354000 0;357000 0;360000 0;363000 0;366000 0;369000 0;372000 0;375000 0;378000 0;381000 0;384000 0;387000 0;390000 0;393000 0;396000 0;399000 0;402000 0;405000 0;408000 0;411000 0;414000 0;417000 0;420000 0;423000 0;426000 0;429000 0;432000 0;435000 0;438000 0;441000 0;444000 0;447000 0;450000 0;453000 0;456000 0;459000 0;462000 0;465000 0;468000 0;471000 0;474000 0;477000 0;480000 0;483000 0;486000 0;489000 0;492000 0;495000 0;498000 0;501000 0;504000 0;507000 0;510000 0;513000 0;516000 0;519000 0;522000 0;525000 0;528000 0;531000 0;534000 0;537000 0;540000 0;543000 0;546000 0;549000 0;552000 0;555000 0;558000 0;561000 0;564000 0;567000 0;570000 0;573000 0;576000 0;579000 0;582000 0;585000 0;588000 0;591000 0;594000 0;597000 0;600000 0;603000 0;606000 0;609000 0;612000 0;615000 0;618000 0;621000 0;624000 0;627000 0;630000 0;633000 0;636000 0;639000 0;642000 0;645000 0;648000 0;651000 0;654000 0;657000 0;660000 0;663000 0;666000 0;669000 0;672000 0;675000 0;678000 0;681000 0;684000 0;687000 0;690000 0;693000 0;696000 0;699000 0;702000 0;705000 0;708000 0;711000 0;714000 0;717000 0;720000 0;723000 0;726000 0;729000 0;732000 0;735000 0;738000 0;741000 0;744000 0;747000 0;750000 0;753000 0;756000 0;759000 0;762000 0;765000 0;768000 0;771000 0;774000 0;777000 0;780000 0;783000 0;786000 0;789000 0;792000 0;795000 0;798000 0;801000 0;804000 0;807000 0;810000 0;813000 0;816000 0;819000 0;822000 0;825000 0;828000 0;831000 0;834000 0;837000 0;840000 0;843000 0;846000 0;849000 0;852000 0;855000 0;858000 0;861000 0;864000 0;867000 0;870000 0;873000 0;876000 0;879000 0;882000 0;885000 0;888000 0;891000 0;894000 0;897000 0;900000 0;903000 0;906000 0;909000 0;912000 0;915000 0;918000 0;921000 0;924000 0;927000 0;930000 0;933000 0;936000 0;939000 0;942000 0;945000 0;948000 0;951000 0;954000 0;957000 0;960000 0;963000 0;966000 0;969000 0;972000 0;975000 0;978000 0;981000 0;984000 0;987000 0;990000 0;993000 0;996000 0;999000 0;1002000 0;1005000 0;1008000 0;1011000 0;1014000 0;1017000 0;1020000 0;1023000 0;1026000 0;1029000 0;1032000 0;1035000 0;];
vectors.size = 1;
