vectors = struct();
vectors.parkingLot_parkingOccupancy_0 = [156000 0;156300 1;159000 0;159300 1;162000 0;162300 1;165000 0;165300 1;168000 0;168300 1;171000 0;171300 1;174000 0;174300 1;177000 0;177300 1;180000 0;180300 1;183000 0;183300 1;186000 0;186300 1;189000 0;189300 1;192000 0;192300 1;195000 0;195300 1;198000 0;198300 1;201000 0;201300 1;204000 0;204300 1;207000 0;207300 1;210000 0;210300 1;213000 0;213300 1;216000 0;216300 1;219000 0;219300 1;222000 0;222300 1;225000 0;225300 1;228000 0;228300 1;231000 0;231300 1;234000 0;234300 1;237000 0;237300 1;240000 0;240300 1;243000 0;243300 1;246000 0;246300 1;249000 0;249300 1;252000 0;252300 1;255000 0;255300 1;258000 0;258300 1;261000 0;261300 1;264000 0;264300 1;267000 0;267300 1;270000 0;270300 1;273000 0;273300 1;276000 0;276300 1;279000 0;279300 1;282000 0;282300 1;285000 0;285300 1;288000 0;288300 1;291000 0;291300 1;294000 0;294300 1;297000 0;297300 1;300000 0;300300 1;303000 0;303300 1;306000 0;306300 1;309000 0;309300 1;312000 0;312300 1;315000 0;315300 1;318000 0;318300 1;321000 0;321300 1;324000 0;324300 1;327000 0;327300 1;330000 0;330300 1;333000 0;333300 1;336000 0;336300 1;339000 0;339300 1;342000 0;342300 1;345000 0;345300 1;348000 0;348300 1;351000 0;351300 1;354000 0;354300 1;357000 0;357300 1;360000 0;360300 1;363000 0;363300 1;366000 0;366300 1;369000 0;369300 1;372000 0;372300 1;375000 0;375300 1;378000 0;378300 1;381000 0;381300 1;384000 0;384300 1;387000 0;387300 1;390000 0;390300 1;393000 0;393300 1;396000 0;396300 1;399000 0;399300 1;402000 0;402300 1;405000 0;405300 1;408000 0;408300 1;411000 0;411300 1;414000 0;414300 1;417000 0;417300 1;420000 0;420300 1;423000 0;423300 1;426000 0;426300 1;429000 0;429300 1;432000 0;432300 1;435000 0;435300 1;438000 0;438300 1;441000 0;441300 1;444000 0;444300 1;447000 0;447300 1;450000 0;450300 1;453000 0;453300 1;456000 0;456300 1;459000 0;459300 1;462000 0;462300 1;465000 0;465300 1;468000 0;468300 1;471000 0;471300 1;474000 0;474300 1;477000 0;477300 1;480000 0;480300 1;483000 0;483300 1;486000 0;486300 1;489000 0;489300 1;492000 0;492300 1;495000 0;495300 1;498000 0;498300 1;501000 0;501300 1;504000 0;504300 1;507000 0;507300 1;510000 0;510300 1;513000 0;513300 1;516000 0;516300 1;519000 0;519300 1;522000 0;522300 1;525000 0;525300 1;528000 0;528300 1;531000 0;531300 1;534000 0;534300 1;537000 0;537300 1;540000 0;540300 1;543000 0;543300 1;546000 0;546300 1;549000 0;549300 1;552000 0;552300 1;555000 0;555300 1;558000 0;558300 1;561000 0;561300 1;564000 0;564300 1;567000 0;567300 1;570000 0;570300 1;573000 0;573300 1;576000 0;576300 1;579000 0;579300 1;582000 0;582300 1;585000 0;585300 1;588000 0;588300 1;591000 0;591300 1;594000 0;594300 1;597000 0;597300 1;600000 0;600300 1;603000 0;603300 1;606000 0;606300 1;609000 0;609300 1;612000 0;612300 1;615000 0;615300 1;618000 0;618300 1;621000 0;621300 1;624000 0;624300 1;627000 0;627300 1;630000 0;630300 1;633000 0;633300 1;636000 0;636300 1;639000 0;639300 1;642000 0;642300 1;645000 0;645300 1;648000 0;648300 1;651000 0;651300 1;654000 0;654300 1;657000 0;657300 1;660000 0;660300 1;663000 0;663300 1;666000 0;666300 1;669000 0;669300 1;672000 0;672300 1;675000 0;675300 1;678000 0;678300 1;681000 0;681300 1;684000 0;684300 1;687000 0;687300 1;690000 0;690300 1;693000 0;693300 1;696000 0;696300 1;699000 0;699300 1;702000 0;702300 1;705000 0;705300 1;708000 0;708300 1;711000 0;711300 1;714000 0;714300 1;717000 0;717300 1;720000 0;720300 1;723000 0;723300 1;726000 0;726300 1;729000 0;729300 1;732000 0;732300 1;735000 0;735300 1;738000 0;738300 1;741000 0;741300 1;744000 0;744300 1;747000 0;747300 1;750000 0;750300 1;753000 0;753300 1;756000 0;756300 1;759000 0;759300 1;762000 0;762300 1;765000 0;765300 1;768000 0;768300 1;771000 0;771300 1;774000 0;774300 1;777000 0;777300 1;780000 0;780300 1;783000 0;783300 1;786000 0;786300 1;789000 0;789300 1;792000 0;792300 1;795000 0;795300 1;798000 0;798300 1;801000 0;801300 1;804000 0;804300 1;807000 0;807300 1;810000 0;810300 1;813000 0;813300 1;816000 0;816300 1;819000 0;819300 1;822000 0;822300 1;825000 0;825300 1;828000 0;828300 1;831000 0;831300 1;834000 0;834300 1;837000 0;837300 1;840000 0;840300 1;843000 0;843300 1;846000 0;846300 1;849000 0;849300 1;852000 0;852300 1;855000 0;855300 1;858000 0;858300 1;861000 0;861300 1;864000 0;864300 1;867000 0;867300 1;870000 0;870300 1;873000 0;873300 1;876000 0;876300 1;879000 0;879300 1;882000 0;882300 1;885000 0;885300 1;888000 0;888300 1;891000 0;891300 1;894000 0;894300 1;897000 0;897300 1;900000 0;900300 1;903000 0;903300 1;906000 0;906300 1;909000 0;909300 1;912000 0;912300 1;915000 0;915300 1;918000 0;918300 1;921000 0;921300 1;924000 0;924300 1;927000 0;927300 1;930000 0;930300 1;933000 0;933300 1;936000 0;936300 1;939000 0;939300 1;942000 0;942300 1;945000 0;945300 1;948000 0;948300 1;951000 0;951300 1;954000 0;954300 1;957000 0;957300 1;960000 0;960300 1;963000 0;963300 1;966000 0;966300 1;969000 0;969300 1;972000 0;972300 1;975000 0;975300 1;978000 0;978300 1;981000 0;981300 1;984000 0;984300 1;987000 0;987300 1;990000 0;990300 1;993000 0;993300 1;996000 0;996300 1;999000 0;999300 1;1002000 0;1002300 1;1005000 0;1005300 1;1008000 0;1008300 1;1011000 0;1011300 1;1014000 0;1014300 1;1017000 0;1017300 1;1020000 0;1020300 1;1023000 0;1023300 1;1026000 0;1026300 1;1029000 0;1029300 1;1032000 0;1032300 1;1035000 0;1035300 1;];
