vectors = struct();
vectors.landingQueue_queueLength_0 = [156000 1;156000 0;159000 1;159000 0;162000 1;162000 0;165000 1;165000 0;168000 1;168000 0;171000 1;171000 0;174000 1;174000 0;177000 1;177000 0;180000 1;180000 0;183000 1;183000 0;186000 1;186000 0;189000 1;189000 0;192000 1;192000 0;195000 1;195000 0;198000 1;198000 0;201000 1;201000 0;204000 1;204000 0;207000 1;207000 0;210000 1;210000 0;213000 1;213000 0;216000 1;216000 0;219000 1;219000 0;222000 1;222000 0;225000 1;225000 0;228000 1;228000 0;231000 1;231000 0;234000 1;234000 0;237000 1;237000 0;240000 1;240000 0;243000 1;243000 0;246000 1;246000 0;249000 1;249000 0;252000 1;252000 0;255000 1;255000 0;258000 1;258000 0;261000 1;261000 0;264000 1;264000 0;267000 1;267000 0;270000 1;270000 0;273000 1;273000 0;276000 1;276000 0;279000 1;279000 0;282000 1;282000 0;285000 1;285000 0;288000 1;288000 0;291000 1;291000 0;294000 1;294000 0;297000 1;297000 0;300000 1;300000 0;303000 1;303000 0;306000 1;306000 0;309000 1;309000 0;312000 1;312000 0;315000 1;315000 0;318000 1;318000 0;321000 1;321000 0;324000 1;324000 0;327000 1;327000 0;330000 1;330000 0;333000 1;333000 0;336000 1;336000 0;339000 1;339000 0;342000 1;342000 0;345000 1;345000 0;348000 1;348000 0;351000 1;351000 0;354000 1;354000 0;357000 1;357000 0;360000 1;360000 0;363000 1;363000 0;366000 1;366000 0;369000 1;369000 0;372000 1;372000 0;375000 1;375000 0;378000 1;378000 0;381000 1;381000 0;384000 1;384000 0;387000 1;387000 0;390000 1;390000 0;393000 1;393000 0;396000 1;396000 0;399000 1;399000 0;402000 1;402000 0;405000 1;405000 0;408000 1;408000 0;411000 1;411000 0;414000 1;414000 0;417000 1;417000 0;420000 1;420000 0;423000 1;423000 0;426000 1;426000 0;429000 1;429000 0;432000 1;432000 0;435000 1;435000 0;438000 1;438000 0;441000 1;441000 0;444000 1;444000 0;447000 1;447000 0;450000 1;450000 0;453000 1;453000 0;456000 1;456000 0;459000 1;459000 0;462000 1;462000 0;465000 1;465000 0;468000 1;468000 0;471000 1;471000 0;474000 1;474000 0;477000 1;477000 0;480000 1;480000 0;483000 1;483000 0;486000 1;486000 0;489000 1;489000 0;492000 1;492000 0;495000 1;495000 0;498000 1;498000 0;501000 1;501000 0;504000 1;504000 0;507000 1;507000 0;510000 1;510000 0;513000 1;513000 0;516000 1;516000 0;519000 1;519000 0;522000 1;522000 0;525000 1;525000 0;528000 1;528000 0;531000 1;531000 0;534000 1;534000 0;537000 1;537000 0;540000 1;540000 0;543000 1;543000 0;546000 1;546000 0;549000 1;549000 0;552000 1;552000 0;555000 1;555000 0;558000 1;558000 0;561000 1;561000 0;564000 1;564000 0;567000 1;567000 0;570000 1;570000 0;573000 1;573000 0;576000 1;576000 0;579000 1;579000 0;582000 1;582000 0;585000 1;585000 0;588000 1;588000 0;591000 1;591000 0;594000 1;594000 0;597000 1;597000 0;600000 1;600000 0;603000 1;603000 0;606000 1;606000 0;609000 1;609000 0;612000 1;612000 0;615000 1;615000 0;618000 1;618000 0;621000 1;621000 0;624000 1;624000 0;627000 1;627000 0;630000 1;630000 0;633000 1;633000 0;636000 1;636000 0;639000 1;639000 0;642000 1;642000 0;645000 1;645000 0;648000 1;648000 0;651000 1;651000 0;654000 1;654000 0;657000 1;657000 0;660000 1;660000 0;663000 1;663000 0;666000 1;666000 0;669000 1;669000 0;672000 1;672000 0;675000 1;675000 0;678000 1;678000 0;681000 1;681000 0;684000 1;684000 0;687000 1;687000 0;690000 1;690000 0;693000 1;693000 0;696000 1;696000 0;699000 1;699000 0;702000 1;702000 0;705000 1;705000 0;708000 1;708000 0;711000 1;711000 0;714000 1;714000 0;717000 1;717000 0;720000 1;720000 0;723000 1;723000 0;726000 1;726000 0;729000 1;729000 0;732000 1;732000 0;735000 1;735000 0;738000 1;738000 0;741000 1;741000 0;744000 1;744000 0;747000 1;747000 0;750000 1;750000 0;753000 1;753000 0;756000 1;756000 0;759000 1;759000 0;762000 1;762000 0;765000 1;765000 0;768000 1;768000 0;771000 1;771000 0;774000 1;774000 0;777000 1;777000 0;780000 1;780000 0;783000 1;783000 0;786000 1;786000 0;789000 1;789000 0;792000 1;792000 0;795000 1;795000 0;798000 1;798000 0;801000 1;801000 0;804000 1;804000 0;807000 1;807000 0;810000 1;810000 0;813000 1;813000 0;816000 1;816000 0;819000 1;819000 0;822000 1;822000 0;825000 1;825000 0;828000 1;828000 0;831000 1;831000 0;834000 1;834000 0;837000 1;837000 0;840000 1;840000 0;843000 1;843000 0;846000 1;846000 0;849000 1;849000 0;852000 1;852000 0;855000 1;855000 0;858000 1;858000 0;861000 1;861000 0;864000 1;864000 0;867000 1;867000 0;870000 1;870000 0;873000 1;873000 0;876000 1;876000 0;879000 1;879000 0;882000 1;882000 0;885000 1;885000 0;888000 1;888000 0;891000 1;891000 0;894000 1;894000 0;897000 1;897000 0;900000 1;900000 0;903000 1;903000 0;906000 1;906000 0;909000 1;909000 0;912000 1;912000 0;915000 1;915000 0;918000 1;918000 0;921000 1;921000 0;924000 1;924000 0;927000 1;927000 0;930000 1;930000 0;933000 1;933000 0;936000 1;936000 0;939000 1;939000 0;942000 1;942000 0;945000 1;945000 0;948000 1;948000 0;951000 1;951000 0;954000 1;954000 0;957000 1;957000 0;960000 1;960000 0;963000 1;963000 0;966000 1;966000 0;969000 1;969000 0;972000 1;972000 0;975000 1;975000 0;978000 1;978000 0;981000 1;981000 0;984000 1;984000 0;987000 1;987000 0;990000 1;990000 0;993000 1;993000 0;996000 1;996000 0;999000 1;999000 0;1002000 1;1002000 0;1005000 1;1005000 0;1008000 1;1008000 0;1011000 1;1011000 0;1014000 1;1014000 0;1017000 1;1017000 0;1020000 1;1020000 0;1023000 1;1023000 0;1026000 1;1026000 0;1029000 1;1029000 0;1032000 1;1032000 0;1035000 1;1035000 0;];
