vectors = struct();
vectors.takeoffQueue_queueTime_0 = [156300 300;159300 300;162300 300;165300 300;168300 300;171300 300;174300 300;177300 300;180300 300;183300 300;186300 300;189300 300;192300 300;195300 300;198300 300;201300 300;204300 300;207300 300;210300 300;213300 300;216300 300;219300 300;222300 300;225300 300;228300 300;231300 300;234300 300;237300 300;240300 300;243300 300;246300 300;249300 300;252300 300;255300 300;258300 300;261300 300;264300 300;267300 300;270300 300;273300 300;276300 300;279300 300;282300 300;285300 300;288300 300;291300 300;294300 300;297300 300;300300 300;303300 300;306300 300;309300 300;312300 300;315300 300;318300 300;321300 300;324300 300;327300 300;330300 300;333300 300;336300 300;339300 300;342300 300;345300 300;348300 300;351300 300;354300 300;357300 300;360300 300;363300 300;366300 300;369300 300;372300 300;375300 300;378300 300;381300 300;384300 300;387300 300;390300 300;393300 300;396300 300;399300 300;402300 300;405300 300;408300 300;411300 300;414300 300;417300 300;420300 300;423300 300;426300 300;429300 300;432300 300;435300 300;438300 300;441300 300;444300 300;447300 300;450300 300;453300 300;456300 300;459300 300;462300 300;465300 300;468300 300;471300 300;474300 300;477300 300;480300 300;483300 300;486300 300;489300 300;492300 300;495300 300;498300 300;501300 300;504300 300;507300 300;510300 300;513300 300;516300 300;519300 300;522300 300;525300 300;528300 300;531300 300;534300 300;537300 300;540300 300;543300 300;546300 300;549300 300;552300 300;555300 300;558300 300;561300 300;564300 300;567300 300;570300 300;573300 300;576300 300;579300 300;582300 300;585300 300;588300 300;591300 300;594300 300;597300 300;600300 300;603300 300;606300 300;609300 300;612300 300;615300 300;618300 300;621300 300;624300 300;627300 300;630300 300;633300 300;636300 300;639300 300;642300 300;645300 300;648300 300;651300 300;654300 300;657300 300;660300 300;663300 300;666300 300;669300 300;672300 300;675300 300;678300 300;681300 300;684300 300;687300 300;690300 300;693300 300;696300 300;699300 300;702300 300;705300 300;708300 300;711300 300;714300 300;717300 300;720300 300;723300 300;726300 300;729300 300;732300 300;735300 300;738300 300;741300 300;744300 300;747300 300;750300 300;753300 300;756300 300;759300 300;762300 300;765300 300;768300 300;771300 300;774300 300;777300 300;780300 300;783300 300;786300 300;789300 300;792300 300;795300 300;798300 300;801300 300;804300 300;807300 300;810300 300;813300 300;816300 300;819300 300;822300 300;825300 300;828300 300;831300 300;834300 300;837300 300;840300 300;843300 300;846300 300;849300 300;852300 300;855300 300;858300 300;861300 300;864300 300;867300 300;870300 300;873300 300;876300 300;879300 300;882300 300;885300 300;888300 300;891300 300;894300 300;897300 300;900300 300;903300 300;906300 300;909300 300;912300 300;915300 300;918300 300;921300 300;924300 300;927300 300;930300 300;933300 300;936300 300;939300 300;942300 300;945300 300;948300 300;951300 300;954300 300;957300 300;960300 300;963300 300;966300 300;969300 300;972300 300;975300 300;978300 300;981300 300;984300 300;987300 300;990300 300;993300 300;996300 300;999300 300;1002300 300;1005300 300;1008300 300;1011300 300;1014300 300;1017300 300;1020300 300;1023300 300;1026300 300;1029300 300;1032300 300;1035300 300;];
vectors.size = 1;
