vectors = struct();
vectors.takeoffQueue_queueLength_0 = [156000 1;156300 0;159000 1;159300 0;162000 1;162300 0;165000 1;165300 0;168000 1;168300 0;171000 1;171300 0;174000 1;174300 0;177000 1;177300 0;180000 1;180300 0;183000 1;183300 0;186000 1;186300 0;189000 1;189300 0;192000 1;192300 0;195000 1;195300 0;198000 1;198300 0;201000 1;201300 0;204000 1;204300 0;207000 1;207300 0;210000 1;210300 0;213000 1;213300 0;216000 1;216300 0;219000 1;219300 0;222000 1;222300 0;225000 1;225300 0;228000 1;228300 0;231000 1;231300 0;234000 1;234300 0;237000 1;237300 0;240000 1;240300 0;243000 1;243300 0;246000 1;246300 0;249000 1;249300 0;252000 1;252300 0;255000 1;255300 0;258000 1;258300 0;261000 1;261300 0;264000 1;264300 0;267000 1;267300 0;270000 1;270300 0;273000 1;273300 0;276000 1;276300 0;279000 1;279300 0;282000 1;282300 0;285000 1;285300 0;288000 1;288300 0;291000 1;291300 0;294000 1;294300 0;297000 1;297300 0;300000 1;300300 0;303000 1;303300 0;306000 1;306300 0;309000 1;309300 0;312000 1;312300 0;315000 1;315300 0;318000 1;318300 0;321000 1;321300 0;324000 1;324300 0;327000 1;327300 0;330000 1;330300 0;333000 1;333300 0;336000 1;336300 0;339000 1;339300 0;342000 1;342300 0;345000 1;345300 0;348000 1;348300 0;351000 1;351300 0;354000 1;354300 0;357000 1;357300 0;360000 1;360300 0;363000 1;363300 0;366000 1;366300 0;369000 1;369300 0;372000 1;372300 0;375000 1;375300 0;378000 1;378300 0;381000 1;381300 0;384000 1;384300 0;387000 1;387300 0;390000 1;390300 0;393000 1;393300 0;396000 1;396300 0;399000 1;399300 0;402000 1;402300 0;405000 1;405300 0;408000 1;408300 0;411000 1;411300 0;414000 1;414300 0;417000 1;417300 0;420000 1;420300 0;423000 1;423300 0;426000 1;426300 0;429000 1;429300 0;432000 1;432300 0;435000 1;435300 0;438000 1;438300 0;441000 1;441300 0;444000 1;444300 0;447000 1;447300 0;450000 1;450300 0;453000 1;453300 0;456000 1;456300 0;459000 1;459300 0;462000 1;462300 0;465000 1;465300 0;468000 1;468300 0;471000 1;471300 0;474000 1;474300 0;477000 1;477300 0;480000 1;480300 0;483000 1;483300 0;486000 1;486300 0;489000 1;489300 0;492000 1;492300 0;495000 1;495300 0;498000 1;498300 0;501000 1;501300 0;504000 1;504300 0;507000 1;507300 0;510000 1;510300 0;513000 1;513300 0;516000 1;516300 0;519000 1;519300 0;522000 1;522300 0;525000 1;525300 0;528000 1;528300 0;531000 1;531300 0;534000 1;534300 0;537000 1;537300 0;540000 1;540300 0;543000 1;543300 0;546000 1;546300 0;549000 1;549300 0;552000 1;552300 0;555000 1;555300 0;558000 1;558300 0;561000 1;561300 0;564000 1;564300 0;567000 1;567300 0;570000 1;570300 0;573000 1;573300 0;576000 1;576300 0;579000 1;579300 0;582000 1;582300 0;585000 1;585300 0;588000 1;588300 0;591000 1;591300 0;594000 1;594300 0;597000 1;597300 0;600000 1;600300 0;603000 1;603300 0;606000 1;606300 0;609000 1;609300 0;612000 1;612300 0;615000 1;615300 0;618000 1;618300 0;621000 1;621300 0;624000 1;624300 0;627000 1;627300 0;630000 1;630300 0;633000 1;633300 0;636000 1;636300 0;639000 1;639300 0;642000 1;642300 0;645000 1;645300 0;648000 1;648300 0;651000 1;651300 0;654000 1;654300 0;657000 1;657300 0;660000 1;660300 0;663000 1;663300 0;666000 1;666300 0;669000 1;669300 0;672000 1;672300 0;675000 1;675300 0;678000 1;678300 0;681000 1;681300 0;684000 1;684300 0;687000 1;687300 0;690000 1;690300 0;693000 1;693300 0;696000 1;696300 0;699000 1;699300 0;702000 1;702300 0;705000 1;705300 0;708000 1;708300 0;711000 1;711300 0;714000 1;714300 0;717000 1;717300 0;720000 1;720300 0;723000 1;723300 0;726000 1;726300 0;729000 1;729300 0;732000 1;732300 0;735000 1;735300 0;738000 1;738300 0;741000 1;741300 0;744000 1;744300 0;747000 1;747300 0;750000 1;750300 0;753000 1;753300 0;756000 1;756300 0;759000 1;759300 0;762000 1;762300 0;765000 1;765300 0;768000 1;768300 0;771000 1;771300 0;774000 1;774300 0;777000 1;777300 0;780000 1;780300 0;783000 1;783300 0;786000 1;786300 0;789000 1;789300 0;792000 1;792300 0;795000 1;795300 0;798000 1;798300 0;801000 1;801300 0;804000 1;804300 0;807000 1;807300 0;810000 1;810300 0;813000 1;813300 0;816000 1;816300 0;819000 1;819300 0;822000 1;822300 0;825000 1;825300 0;828000 1;828300 0;831000 1;831300 0;834000 1;834300 0;837000 1;837300 0;840000 1;840300 0;843000 1;843300 0;846000 1;846300 0;849000 1;849300 0;852000 1;852300 0;855000 1;855300 0;858000 1;858300 0;861000 1;861300 0;864000 1;864300 0;867000 1;867300 0;870000 1;870300 0;873000 1;873300 0;876000 1;876300 0;879000 1;879300 0;882000 1;882300 0;885000 1;885300 0;888000 1;888300 0;891000 1;891300 0;894000 1;894300 0;897000 1;897300 0;900000 1;900300 0;903000 1;903300 0;906000 1;906300 0;909000 1;909300 0;912000 1;912300 0;915000 1;915300 0;918000 1;918300 0;921000 1;921300 0;924000 1;924300 0;927000 1;927300 0;930000 1;930300 0;933000 1;933300 0;936000 1;936300 0;939000 1;939300 0;942000 1;942300 0;945000 1;945300 0;948000 1;948300 0;951000 1;951300 0;954000 1;954300 0;957000 1;957300 0;960000 1;960300 0;963000 1;963300 0;966000 1;966300 0;969000 1;969300 0;972000 1;972300 0;975000 1;975300 0;978000 1;978300 0;981000 1;981300 0;984000 1;984300 0;987000 1;987300 0;990000 1;990300 0;993000 1;993300 0;996000 1;996300 0;999000 1;999300 0;1002000 1;1002300 0;1005000 1;1005300 0;1008000 1;1008300 0;1011000 1;1011300 0;1014000 1;1014300 0;1017000 1;1017300 0;1020000 1;1020300 0;1023000 1;1023300 0;1026000 1;1026300 0;1029000 1;1029300 0;1032000 1;1032300 0;1035000 1;1035300 0;];
vectors.size = 1;
