vectors = struct();
vectors.parkingLot_parkingOccupancy_0 = [304500 0;306900 1;310500 0;312900 1;316500 0;318900 1;322500 0;324900 1;328500 0;330900 1;334500 0;336900 1;340500 0;342900 1;346500 0;348900 1;352500 0;354900 1;358500 0;360900 1;364500 0;366900 1;370500 0;372900 1;376500 0;378900 1;382500 0;384900 1;388500 0;390900 1;394500 0;396900 1;400500 0;402900 1;406500 0;408900 1;412500 0;414900 1;418500 0;420900 1;424500 0;426900 1;430500 0;432900 1;436500 0;438900 1;442500 0;444900 1;448500 0;450900 1;454500 0;456900 1;460500 0;462900 1;466500 0;468900 1;472500 0;474900 1;478500 0;480900 1;484500 0;486900 1;490500 0;492900 1;496500 0;498900 1;502500 0;504900 1;508500 0;510900 1;514500 0;516900 1;520500 0;522900 1;526500 0;528900 1;532500 0;534900 1;538500 0;540900 1;544500 0;546900 1;550500 0;552900 1;556500 0;558900 1;562500 0;564900 1;568500 0;570900 1;574500 0;576900 1;580500 0;582900 1;586500 0;588900 1;592500 0;594900 1;598500 0;600900 1;604500 0;606900 1;610500 0;612900 1;616500 0;618900 1;622500 0;624900 1;628500 0;630900 1;634500 0;636900 1;640500 0;642900 1;646500 0;648900 1;652500 0;654900 1;658500 0;660900 1;664500 0;666900 1;670500 0;672900 1;676500 0;678900 1;682500 0;684900 1;688500 0;690900 1;694500 0;696900 1;700500 0;702900 1;706500 0;708900 1;712500 0;714900 1;718500 0;720900 1;724500 0;726900 1;730500 0;732900 1;736500 0;738900 1;742500 0;744900 1;748500 0;750900 1;754500 0;756900 1;760500 0;762900 1;766500 0;768900 1;772500 0;774900 1;778500 0;780900 1;784500 0;786900 1;790500 0;792900 1;796500 0;798900 1;802500 0;804900 1;808500 0;810900 1;814500 0;816900 1;820500 0;822900 1;826500 0;828900 1;832500 0;834900 1;838500 0;840900 1;844500 0;846900 1;850500 0;852900 1;856500 0;858900 1;862500 0;864900 1;868500 0;870900 1;874500 0;876900 1;880500 0;882900 1;886500 0;888900 1;892500 0;894900 1;898500 0;900900 1;904500 0;906900 1;910500 0;912900 1;916500 0;918900 1;922500 0;924900 1;928500 0;930900 1;934500 0;936900 1;940500 0;942900 1;946500 0;948900 1;952500 0;954900 1;958500 0;960900 1;964500 0;966900 1;970500 0;972900 1;976500 0;978900 1;982500 0;984900 1;988500 0;990900 1;994500 0;996900 1;1000500 0;1002900 1;1006500 0;1008900 1;1012500 0;1014900 1;1018500 0;1020900 1;1024500 0;1026900 1;1030500 0;1032900 1;1036500 0;1038900 1;1042500 0;1044900 1;1048500 0;1050900 1;1054500 0;1056900 1;1060500 0;1062900 1;1066500 0;1068900 1;1072500 0;1074900 1;1078500 0;1080900 1;1084500 0;1086900 1;1090500 0;1092900 1;1096500 0;1098900 1;1102500 0;1104900 1;1108500 0;1110900 1;1114500 0;1116900 1;1120500 0;1122900 1;1126500 0;1128900 1;1132500 0;1134900 1;1138500 0;1140900 1;1144500 0;1146900 1;1150500 0;1152900 1;1156500 0;1158900 1;1162500 0;1164900 1;1168500 0;1170900 1;1174500 0;1176900 1;1180500 0;1182900 1;1186500 0;1188900 1;1192500 0;1194900 1;1198500 0;1200900 1;1204500 0;1206900 1;];
vectors.wg_responseTime_0 = [304800 10800;310800 10800;316800 10800;322800 10800;328800 10800;334800 10800;340800 10800;346800 10800;352800 10800;358800 10800;364800 10800;370800 10800;376800 10800;382800 10800;388800 10800;394800 10800;400800 10800;406800 10800;412800 10800;418800 10800;424800 10800;430800 10800;436800 10800;442800 10800;448800 10800;454800 10800;460800 10800;466800 10800;472800 10800;478800 10800;484800 10800;490800 10800;496800 10800;502800 10800;508800 10800;514800 10800;520800 10800;526800 10800;532800 10800;538800 10800;544800 10800;550800 10800;556800 10800;562800 10800;568800 10800;574800 10800;580800 10800;586800 10800;592800 10800;598800 10800;604800 10800;610800 10800;616800 10800;622800 10800;628800 10800;634800 10800;640800 10800;646800 10800;652800 10800;658800 10800;664800 10800;670800 10800;676800 10800;682800 10800;688800 10800;694800 10800;700800 10800;706800 10800;712800 10800;718800 10800;724800 10800;730800 10800;736800 10800;742800 10800;748800 10800;754800 10800;760800 10800;766800 10800;772800 10800;778800 10800;784800 10800;790800 10800;796800 10800;802800 10800;808800 10800;814800 10800;820800 10800;826800 10800;832800 10800;838800 10800;844800 10800;850800 10800;856800 10800;862800 10800;868800 10800;874800 10800;880800 10800;886800 10800;892800 10800;898800 10800;904800 10800;910800 10800;916800 10800;922800 10800;928800 10800;934800 10800;940800 10800;946800 10800;952800 10800;958800 10800;964800 10800;970800 10800;976800 10800;982800 10800;988800 10800;994800 10800;1000800 10800;1006800 10800;1012800 10800;1018800 10800;1024800 10800;1030800 10800;1036800 10800;1042800 10800;1048800 10800;1054800 10800;1060800 10800;1066800 10800;1072800 10800;1078800 10800;1084800 10800;1090800 10800;1096800 10800;1102800 10800;1108800 10800;1114800 10800;1120800 10800;1126800 10800;1132800 10800;1138800 10800;1144800 10800;1150800 10800;1156800 10800;1162800 10800;1168800 10800;1174800 10800;1180800 10800;1186800 10800;1192800 10800;1198800 10800;1204800 10800;];
vectors.landingQueue_queueTime_0 = [306000 0;312000 0;318000 0;324000 0;330000 0;336000 0;342000 0;348000 0;354000 0;360000 0;366000 0;372000 0;378000 0;384000 0;390000 0;396000 0;402000 0;408000 0;414000 0;420000 0;426000 0;432000 0;438000 0;444000 0;450000 0;456000 0;462000 0;468000 0;474000 0;480000 0;486000 0;492000 0;498000 0;504000 0;510000 0;516000 0;522000 0;528000 0;534000 0;540000 0;546000 0;552000 0;558000 0;564000 0;570000 0;576000 0;582000 0;588000 0;594000 0;600000 0;606000 0;612000 0;618000 0;624000 0;630000 0;636000 0;642000 0;648000 0;654000 0;660000 0;666000 0;672000 0;678000 0;684000 0;690000 0;696000 0;702000 0;708000 0;714000 0;720000 0;726000 0;732000 0;738000 0;744000 0;750000 0;756000 0;762000 0;768000 0;774000 0;780000 0;786000 0;792000 0;798000 0;804000 0;810000 0;816000 0;822000 0;828000 0;834000 0;840000 0;846000 0;852000 0;858000 0;864000 0;870000 0;876000 0;882000 0;888000 0;894000 0;900000 0;906000 0;912000 0;918000 0;924000 0;930000 0;936000 0;942000 0;948000 0;954000 0;960000 0;966000 0;972000 0;978000 0;984000 0;990000 0;996000 0;1002000 0;1008000 0;1014000 0;1020000 0;1026000 0;1032000 0;1038000 0;1044000 0;1050000 0;1056000 0;1062000 0;1068000 0;1074000 0;1080000 0;1086000 0;1092000 0;1098000 0;1104000 0;1110000 0;1116000 0;1122000 0;1128000 0;1134000 0;1140000 0;1146000 0;1152000 0;1158000 0;1164000 0;1170000 0;1176000 0;1182000 0;1188000 0;1194000 0;1200000 0;1206000 0;];
