vectors = struct();
vectors.landingQueue_queueTime_0 = [54001.08 0;54858.24 0;55715.4 0;56572.56 0;57429.72 0;58286.88 0;59144.04 0;60001.2 0;60858.36 0;61715.52 0;62572.68 0;63429.84 0;64287 0;65144.16 0;66001.32 0;66858.48 0;67715.64 0;68572.8 0;69429.96 0;70287.12 0;71144.28 0;72001.44 0;72858.6 0;73715.76 0;74572.92 0;75430.08 0;76287.24 0;77144.4 0;78001.56 0;78858.72 0;79715.88 0;80573.04 0;81430.2 0;82287.36 0;83144.52 0;84001.68 0;84858.84 0;85716 0;86573.16 0;87430.32 0;88287.48 0;89144.64 0;90001.8 0;90858.96 0;91716.12 0;92573.28 0;93430.44 0;94287.6 0;95144.76 0;96001.92 0;96859.08 0;97716.24 0;98573.4 0;99430.56 0;100287.72 0;101144.88 0;102002.04 0;102859.2 0;103716.36 0;104573.52 0;105430.68 0;106287.84 0;107145 0;108002.16 0;108859.32 0;109716.48 0;110573.64 0;111430.8 0;112287.96 0;113145.12 0;114002.28 0;114859.44 0;115716.6 0;116573.76 0;117430.92 0;118288.08 0;119145.24 0;120002.4 0;120859.56 0;121716.72 0;122573.88 0;123431.04 0;124288.2 0;125145.36 0;126002.52 0;126859.68 0;127716.84 0;128574 0;129431.16 0;130288.32 0;131145.48 0;132002.64 0;132859.8 0;133716.96 0;134574.12 0;135431.28 0;136288.44 0;137145.6 0;138002.76 0;138859.92 0;139717.08 0;140574.24 0;141431.4 0;142288.56 0;143145.72 0;144002.88 0;144860.04 0;145717.2 0;146574.36 0;147431.52 0;148288.68 0;149145.84 0;150003 0;150860.16 0;151717.32 0;152574.48 0;153431.64 0;154288.8 0;155145.96 0;156003.12 0;156860.28 0;157717.44 0;158574.6 0;159431.76 0;160288.92 0;161146.08 0;162003.24 0;162860.4 0;163717.56 0;164574.72 0;165431.88 0;166289.04 0;167146.2 0;168003.36 0;168860.52 0;169717.68 0;170574.84 0;171432 0;172289.16 0;173146.32 0;174003.48 0;174860.64 0;175717.8 0;176574.96 0;177432.12 0;178289.28 0;179146.44 0;180003.6 0;180860.76 0;181717.92 0;182575.08 0;183432.24 0;184289.4 0;185146.56 0;186003.72 0;186860.88 0;187718.04 0;188575.2 0;189432.36 0;190289.52 0;191146.68 0;192003.84 0;192861 0;193718.16 0;194575.32 0;195432.48 0;196289.64 0;197146.8 0;198003.96 0;198861.12 0;199718.28 0;200575.44 0;201432.6 0;202289.76 0;203146.92 0;204004.08 0;204861.24 0;205718.4 0;206575.56 0;207432.72 0;208289.88 0;209147.04 0;210004.2 0;210861.36 0;211718.52 0;212575.68 0;213432.84 0;214290 0;215147.16 0;216004.32 0;216861.48 0;217718.64 0;218575.8 0;219432.96 0;220290.12 0;221147.28 0;222004.44 0;222861.6 0;223718.76 0;224575.92 0;225433.08 0;226290.24 0;227147.4 0;228004.56 0;228861.72 0;229718.88 0;230576.04 0;231433.2 0;232290.36 0;233147.52 0;234004.68 0;234861.84 0;235719 0;236576.16 0;237433.32 0;238290.48 0;239147.64 0;240004.8 0;240861.96 0;241719.12 0;242576.28 0;243433.44 0;244290.6 0;245147.76 0;246004.92 0;246862.08 0;247719.24 0;248576.4 0;249433.56 0;250290.72 0;251147.88 0;252005.04 0;252862.2 0;253719.36 0;254576.52 0;255433.68 0;256290.84 0;257148 0;258005.16 0;258862.32 0;259719.48 0;260576.64 0;261433.8 0;262290.96 0;263148.12 0;264005.28 0;264862.44 0;265719.6 0;266576.76 0;267433.92 0;268291.08 0;269148.24 0;270005.4 0;270862.56 0;271719.72 0;272576.88 0;273434.04 0;274291.2 0;275148.36 0;276005.52 0;276862.68 0;277719.84 0;278577 0;279434.16 0;280291.32 0;281148.48 0;282005.64 0;282862.8 0;283719.96 0;284577.12 0;285434.28 0;286291.44 0;287148.6 0;288005.76 0;288862.92 0;289720.08 0;290577.24 0;291434.4 0;292291.56 0;293148.72 0;294005.88 0;294863.04 0;295720.2 0;296577.36 0;297434.52 0;298291.68 0;299148.84 0;300006 0;300863.16 0;301720.32 0;302577.48 0;303434.64 0;304291.8 0;305148.96 0;306006.12 0;306863.28 0;307720.44 0;308577.6 0;309434.76 0;310291.92 0;311149.08 0;312006.24 0;312863.4 0;313720.56 0;314577.72 0;315434.88 0;316292.04 0;317149.2 0;318006.36 0;318863.52 0;319720.68 0;320577.84 0;321435 0;322292.16 0;323149.32 0;324006.48 0;324863.64 0;325720.8 0;326577.96 0;327435.12 0;328292.28 0;329149.44 0;330006.6 0;330863.76 0;331720.92 0;332578.08 0;333435.24 0;334292.4 0;335149.56 0;336006.72 0;336863.88 0;337721.04 0;338578.2 0;339435.36 0;340292.52 0;341149.68 0;342006.84 0;342864 0;343721.16 0;344578.32 0;345435.48 0;346292.64 0;347149.8 0;348006.96 0;348864.12 0;349721.28 0;350578.44 0;351435.6 0;352292.76 0;353149.92 0;354007.08 0;354864.24 0;355721.4 0;356578.56 0;357435.72 0;358292.88 0;359150.04 0;360007.2 0;360864.36 0;361721.52 0;362578.68 0;363435.84 0;364293 0;365150.16 0;366007.32 0;366864.48 0;367721.64 0;368578.8 0;369435.96 0;370293.12 0;371150.28 0;372007.44 0;372864.6 0;373721.76 0;374578.92 0;375436.08 0;376293.24 0;377150.4 0;378007.56 0;378864.72 0;379721.88 0;380579.04 0;381436.2 0;382293.36 0;383150.52 0;384007.68 0;384864.84 0;385722 0;386579.16 0;387436.32 0;388293.48 0;389150.64 0;390007.8 0;390864.96 0;391722.12 0;392579.28 0;393436.44 0;394293.6 0;395150.76 0;396007.92 0;396865.08 0;397722.24 0;398579.4 0;399436.56 0;400293.72 0;401150.88 0;402008.04 0;402865.2 0;403722.36 0;404579.52 0;405436.68 0;406293.84 0;407151 0;408008.16 0;408865.32 0;409722.48 0;410579.64 0;411436.8 0;412293.96 0;413151.12 0;414008.28 0;414865.44 0;415722.6 0;416579.76 0;417436.92 0;418294.08 0;419151.24 0;420008.4 0;420865.56 0;421722.72 0;422579.88 0;423437.04 0;424294.2 0;425151.36 0;426008.52 0;426865.68 0;427722.84 0;428580 0;429437.16 0;430294.32 0;431151.48 0;432008.64 0;432865.8 0;433722.96 0;434580.12 0;435437.28 0;436294.44 0;437151.6 0;438008.76 0;438865.92 0;439723.08 0;440580.24 0;441437.4 0;442294.56 0;443151.72 0;444008.88 0;444866.04 0;445723.2 0;446580.36 0;447437.52 0;448294.68 0;449151.84 0;450009 0;450866.16 0;451723.32 0;452580.48 0;453437.64 0;454294.8 0;455151.96 0;456009.12 0;456866.28 0;457723.44 0;458580.6 0;459437.76 0;460294.92 0;461152.08 0;462009.24 0;462866.4 0;463723.56 0;464580.72 0;465437.88 0;466295.04 0;467152.2 0;468009.36 0;468866.52 0;469723.68 0;470580.84 0;471438 0;472295.16 0;473152.32 0;474009.48 0;474866.64 0;475723.8 0;476580.96 0;477438.12 0;478295.28 0;479152.44 0;480009.6 0;480866.76 0;481723.92 0;482581.08 0;483438.24 0;484295.4 0;485152.56 0;486009.72 0;486866.88 0;487724.04 0;488581.2 0;489438.36 0;490295.52 0;491152.68 0;492009.84 0;492867 0;493724.16 0;494581.32 0;495438.48 0;496295.64 0;497152.8 0;498009.96 0;498867.12 0;499724.28 0;500581.44 0;501438.6 0;502295.76 0;503152.92 0;504010.08 0;504867.24 0;505724.4 0;506581.56 0;507438.72 0;508295.88 0;509153.04 0;510010.2 0;510867.36 0;511724.52 0;512581.68 0;513438.84 0;514296 0;515153.16 0;516010.32 0;516867.48 0;517724.64 0;518581.8 0;519438.96 0;520296.12 0;521153.28 0;522010.44 0;522867.6 0;523724.76 0;524581.92 0;525439.08 0;526296.24 0;527153.4 0;528010.56 0;528867.72 0;529724.88 0;530582.04 0;531439.2 0;532296.36 0;533153.52 0;534010.68 0;534867.84 0;535725 0;536582.16 0;537439.32 0;538296.48 0;539153.64 0;540010.8 0;540867.96 0;541725.12 0;542582.28 0;543439.44 0;544296.6 0;545153.76 0;546010.92 0;546868.08 0;547725.24 0;548582.4 0;549439.56 0;550296.72 0;551153.88 0;552011.04 0;552868.2 0;553725.36 0;554582.52 0;555439.68 0;556296.84 0;557154 0;558011.16 0;558868.32 0;559725.48 0;560582.64 0;561439.8 0;562296.96 0;563154.12 0;564011.28 0;564868.44 0;565725.6 0;566582.76 0;567439.92 0;568297.08 0;569154.24 0;570011.4 0;570868.56 0;571725.72 0;572582.88 0;573440.04 0;574297.2 0;575154.36 0;576011.52 0;576868.68 0;577725.84 0;578583 0;579440.16 0;580297.32 0;581154.48 0;582011.64 0;582868.8 0;583725.96 0;584583.12 0;585440.28 0;586297.44 0;587154.6 0;588011.76 0;588868.92 0;589726.08 0;590583.24 0;591440.4 0;592297.56 0;593154.72 0;594011.88 0;594869.04 0;595726.2 0;596583.36 0;597440.52 0;598297.68 0;599154.84 0;600012 0;600869.16 0;601726.32 0;602583.48 0;603440.64 0;604297.8 0;605154.96 0;606012.12 0;606869.28 0;607726.44 0;608583.6 0;609440.76 0;610297.92 0;611155.08 0;612012.24 0;612869.4 0;613726.56 0;614583.72 0;615440.88 0;616298.04 0;617155.2 0;618012.36 0;618869.52 0;619726.68 0;620583.84 0;621441 0;622298.16 0;623155.32 0;624012.48 0;624869.64 0;625726.8 0;626583.96 0;627441.12 0;628298.28 0;629155.44 0;630012.6 0;630869.76 0;631726.92 0;632584.08 0;633441.24 0;634298.4 0;635155.56 0;636012.72 0;636869.88 0;637727.04 0;