vectors = struct();
vectors.landingQueue_queueLength_0 = [54001.08 1;54001.08 0;54858.24 1;54858.24 0;55715.4 1;55715.4 0;56572.56 1;56572.56 0;57429.72 1;57429.72 0;58286.88 1;58286.88 0;59144.04 1;59144.04 0;60001.2 1;60001.2 0;60858.36 1;60858.36 0;61715.52 1;61715.52 0;62572.68 1;62572.68 0;63429.84 1;63429.84 0;64287 1;64287 0;65144.16 1;65144.16 0;66001.32 1;66001.32 0;66858.48 1;66858.48 0;67715.64 1;67715.64 0;68572.8 1;68572.8 0;69429.96 1;69429.96 0;70287.12 1;70287.12 0;71144.28 1;71144.28 0;72001.44 1;72001.44 0;72858.6 1;72858.6 0;73715.76 1;73715.76 0;74572.92 1;74572.92 0;75430.08 1;75430.08 0;76287.24 1;76287.24 0;77144.4 1;77144.4 0;78001.56 1;78001.56 0;78858.72 1;78858.72 0;79715.88 1;79715.88 0;80573.04 1;80573.04 0;81430.2 1;81430.2 0;82287.36 1;82287.36 0;83144.52 1;83144.52 0;84001.68 1;84001.68 0;84858.84 1;84858.84 0;85716 1;85716 0;86573.16 1;86573.16 0;87430.32 1;87430.32 0;88287.48 1;88287.48 0;89144.64 1;89144.64 0;90001.8 1;90001.8 0;90858.96 1;90858.96 0;91716.12 1;91716.12 0;92573.28 1;92573.28 0;93430.44 1;93430.44 0;94287.6 1;94287.6 0;95144.76 1;95144.76 0;96001.92 1;96001.92 0;96859.08 1;96859.08 0;97716.24 1;97716.24 0;98573.4 1;98573.4 0;99430.56 1;99430.56 0;100287.72 1;100287.72 0;101144.88 1;101144.88 0;102002.04 1;102002.04 0;102859.2 1;102859.2 0;103716.36 1;103716.36 0;104573.52 1;104573.52 0;105430.68 1;105430.68 0;106287.84 1;106287.84 0;107145 1;107145 0;108002.16 1;108002.16 0;108859.32 1;108859.32 0;109716.48 1;109716.48 0;110573.64 1;110573.64 0;111430.8 1;111430.8 0;112287.96 1;112287.96 0;113145.12 1;113145.12 0;114002.28 1;114002.28 0;114859.44 1;114859.44 0;115716.6 1;115716.6 0;116573.76 1;116573.76 0;117430.92 1;117430.92 0;118288.08 1;118288.08 0;119145.24 1;119145.24 0;120002.4 1;120002.4 0;120859.56 1;120859.56 0;121716.72 1;121716.72 0;122573.88 1;122573.88 0;123431.04 1;123431.04 0;124288.2 1;124288.2 0;125145.36 1;125145.36 0;126002.52 1;126002.52 0;126859.68 1;126859.68 0;127716.84 1;127716.84 0;128574 1;128574 0;129431.16 1;129431.16 0;130288.32 1;130288.32 0;131145.48 1;131145.48 0;132002.64 1;132002.64 0;132859.8 1;132859.8 0;133716.96 1;133716.96 0;134574.12 1;134574.12 0;135431.28 1;135431.28 0;136288.44 1;136288.44 0;137145.6 1;137145.6 0;138002.76 1;138002.76 0;138859.92 1;138859.92 0;139717.08 1;139717.08 0;140574.24 1;140574.24 0;141431.4 1;141431.4 0;142288.56 1;142288.56 0;143145.72 1;143145.72 0;144002.88 1;144002.88 0;144860.04 1;144860.04 0;145717.2 1;145717.2 0;146574.36 1;146574.36 0;147431.52 1;147431.52 0;148288.68 1;148288.68 0;149145.84 1;149145.84 0;150003 1;150003 0;150860.16 1;150860.16 0;151717.32 1;151717.32 0;152574.48 1;152574.48 0;153431.64 1;153431.64 0;154288.8 1;154288.8 0;155145.96 1;155145.96 0;156003.12 1;156003.12 0;156860.28 1;156860.28 0;157717.44 1;157717.44 0;158574.6 1;158574.6 0;159431.76 1;159431.76 0;160288.92 1;160288.92 0;161146.08 1;161146.08 0;162003.24 1;162003.24 0;162860.4 1;162860.4 0;163717.56 1;163717.56 0;164574.72 1;164574.72 0;165431.88 1;165431.88 0;166289.04 1;166289.04 0;167146.2 1;167146.2 0;168003.36 1;168003.36 0;168860.52 1;168860.52 0;169717.68 1;169717.68 0;170574.84 1;170574.84 0;171432 1;171432 0;172289.16 1;172289.16 0;173146.32 1;173146.32 0;174003.48 1;174003.48 0;174860.64 1;174860.64 0;175717.8 1;175717.8 0;176574.96 1;176574.96 0;177432.12 1;177432.12 0;178289.28 1;178289.28 0;179146.44 1;179146.44 0;180003.6 1;180003.6 0;180860.76 1;180860.76 0;181717.92 1;181717.92 0;182575.08 1;182575.08 0;183432.24 1;183432.24 0;184289.4 1;184289.4 0;185146.56 1;185146.56 0;186003.72 1;186003.72 0;186860.88 1;186860.88 0;187718.04 1;187718.04 0;188575.2 1;188575.2 0;189432.36 1;189432.36 0;190289.52 1;190289.52 0;191146.68 1;191146.68 0;192003.84 1;192003.84 0;192861 1;192861 0;193718.16 1;193718.16 0;194575.32 1;194575.32 0;195432.48 1;195432.48 0;196289.64 1;196289.64 0;197146.8 1;197146.8 0;198003.96 1;198003.96 0;198861.12 1;198861.12 0;199718.28 1;199718.28 0;200575.44 1;200575.44 0;201432.6 1;201432.6 0;202289.76 1;202289.76 0;203146.92 1;203146.92 0;204004.08 1;204004.08 0;204861.24 1;204861.24 0;205718.4 1;205718.4 0;206575.56 1;206575.56 0;207432.72 1;207432.72 0;208289.88 1;208289.88 0;209147.04 1;209147.04 0;210004.2 1;210004.2 0;210861.36 1;210861.36 0;211718.52 1;211718.52 0;212575.68 1;212575.68 0;213432.84 1;213432.84 0;214290 1;214290 0;215147.16 1;215147.16 0;216004.32 1;216004.32 0;216861.48 1;216861.48 0;217718.64 1;217718.64 0;218575.8 1;218575.8 0;219432.96 1;219432.96 0;220290.12 1;220290.12 0;221147.28 1;221147.28 0;222004.44 1;222004.44 0;222861.6 1;222861.6 0;223718.76 1;223718.76 0;224575.92 1;224575.92 0;225433.08 1;225433.08 0;226290.24 1;226290.24 0;227147.4 1;227147.4 0;228004.56 1;228004.56 0;228861.72 1;228861.72 0;229718.88 1;229718.88 0;230576.04 1;230576.04 0;231433.2 1;231433.2 0;232290.36 1;232290.36 0;233147.52 1;233147.52 0;234004.68 1;234004.68 0;234861.84 1;234861.84 0;235719 1;235719 0;236576.16 1;236576.16 0;237433.32 1;237433.32 0;238290.48 1;238290.48 0;239147.64 1;239147.64 0;240004.8 1;240004.8 0;240861.96 1;240861.96 0;241719.12 1;241719.12 0;242576.28 1;242576.28 0;243433.44 1;243433.44 0;244290.6 1;244290.6 0;245147.76 1;245147.76 0;246004.92 1;246004.92 0;246862.08 1;246862.08 0;247719.24 1;247719.24 0;248576.4 1;248576.4 0;249433.56 1;249433.56 0;250290.72 1;250290.72 0;251147.88 1;251147.88 0;252005.04 1;252005.04 0;252862.2 1;252862.2 0;253719.36 1;253719.36 0;254576.52 1;254576.52 0;255433.68 1;255433.68 0;256290.84 1;256290.84 0;257148 1;257148 0;258005.16 1;258005.16 0;258862.32 1;258862.32 0;259719.48 1;259719.48 0;260576.64 1;260576.64 0;261433.8 1;261433.8 0;262290.96 1;262290.96 0;263148.12 1;263148.12 0;264005.28 1;264005.28 0;264862.44 1;264862.44 0;265719.6 1;265719.6 0;266576.76 1;266576.76 0;267433.92 1;267433.92 0;268291.08 1;268291.08 0;269148.24 1;269148.24 0;270005.4 1;270005.4 0;270862.56 1;270862.56 0;271719.72 1;271719.72 0;272576.88 1;272576.88 0;273434.04 1;273434.04 0;274291.2 1;274291.2 0;275148.36 1;275148.36 0;276005.52 1;276005.52 0;276862.68 1;276862.68 0;277719.84 1;277719.84 0;278577 1;278577 0;279434.16 1;279434.16 0;280291.32 1;280291.32 0;281148.48 1;281148.48 0;282005.64 1;282005.64 0;282862.8 1;282862.8 0;283719.96 1;283719.96 0;284577.12 1;284577.12 0;285434.28 1;285434.28 0;286291.44 1;286291.44 0;287148.6 1;287148.6 0;288005.76 1;288005.76 0;288862.92 1;288862.92 0;289720.08 1;289720.08 0;290577.24 1;290577.24 0;291434.4 1;291434.4 0;292291.56 1;292291.56 0;293148.72 1;293148.72 0;294005.88 1;294005.88 0;294863.04 1;294863.04 0;295720.2 1;295720.2 0;296577.36 1;296577.36 0;297434.52 1;297434.52 0;298291.68 1;298291.68 0;299148.84 1;299148.84 0;300006 1;300006 0;300863.16 1;300863.16 0;301720.32 1;301720.32 0;302577.48 1;302577.48 0;303434.64 1;303434.64 0;304291.8 1;304291.8 0;305148.96 1;305148.96 0;306006.12 1;306006.12 0;306863.28 1;306863.28 0;307720.44 1;307720.44 0;308577.6 1;308577.6 0;309434.76 1;309434.76 0;310291.92 1;310291.92 0;311149.08 1;311149.08 0;312006.24 1;312006.24 0;312863.4 1;312863.4 0;313720.56 1;313720.56 0;314577.72 1;314577.72 0;315434.88 1;315434.88 0;316292.04 1;316292.04 0;317149.2 1;317149.2 0;318006.36 1;318006.36 0;318863.52 1;318863.52 0;319720.68 1;319720.68 0;320577.84 1;320577.84 0;321435 1;321435 0;322292.16 1;322292.16 0;323149.32 1;323149.32 0;324006.48 1;324006.48 0;324863.64 1;324863.64 0;325720.8 1;325720.8 0;326577.96 1;326577.96 0;327435.12 1;327435.12 0;328292.28 1;328292.28 0;329149.44 1;329149.44 0;330006.6 1;330006.6 0;330863.76 1;330863.76 0;331720.92 1;331720.92 0;332578.08 1;332578.08 0;333435.24 1;333435.24 0;334292.4 1;334292.4 0;335149.56 1;335149.56 0;336006.72 1;336006.72 0;336863.88 1;336863.88 0;337721.04 1;337721.04 0;338578.2 1;338578.2 0;339435.36 1;339435.36 0;340292.52 1;340292.52 0;341149.68 1;341149.68 0;342006.84 1;342006.84 0;342864 1;342864 0;343721.16 1;343721.16 0;344578.32 1;344578.32 0;345435.48 1;345435.48 0;346292.64 1;346292.64 0;347149.8 1;347149.8 0;348006.96 1;