vectors = struct();
vectors.takeoffQueue_queueLength_0 = [54429.6 1;54429.6 0;55286.76 1;55286.76 0;56143.92 1;56143.92 0;57001.08 1;57001.08 0;57858.24 1;57858.24 0;58715.4 1;58715.4 0;59572.56 1;59572.56 0;60429.72 1;60429.72 0;61286.88 1;61286.88 0;62144.04 1;62144.04 0;63001.2 1;63001.2 0;63858.36 1;63858.36 0;64715.52 1;64715.52 0;65572.68 1;65572.68 0;66429.84 1;66429.84 0;67287 1;67287 0;68144.16 1;68144.16 0;69001.32 1;69001.32 0;69858.48 1;69858.48 0;70715.64 1;70715.64 0;71572.8 1;71572.8 0;72429.96 1;72429.96 0;73287.12 1;73287.12 0;74144.28 1;74144.28 0;75001.44 1;75001.44 0;75858.6 1;75858.6 0;76715.76 1;76715.76 0;77572.92 1;77572.92 0;78430.08 1;78430.08 0;79287.24 1;79287.24 0;80144.4 1;80144.4 0;81001.56 1;81001.56 0;81858.72 1;81858.72 0;82715.88 1;82715.88 0;83573.04 1;83573.04 0;84430.2 1;84430.2 0;85287.36 1;85287.36 0;86144.52 1;86144.52 0;87001.68 1;87001.68 0;87858.84 1;87858.84 0;88716 1;88716 0;89573.16 1;89573.16 0;90430.32 1;90430.32 0;91287.48 1;91287.48 0;92144.64 1;92144.64 0;93001.8 1;93001.8 0;93858.96 1;93858.96 0;94716.12 1;94716.12 0;95573.28 1;95573.28 0;96430.44 1;96430.44 0;97287.6 1;97287.6 0;98144.76 1;98144.76 0;99001.92 1;99001.92 0;99859.08 1;99859.08 0;100716.24 1;100716.24 0;101573.4 1;101573.4 0;102430.56 1;102430.56 0;103287.72 1;103287.72 0;104144.88 1;104144.88 0;105002.04 1;105002.04 0;105859.2 1;105859.2 0;106716.36 1;106716.36 0;107573.52 1;107573.52 0;108430.68 1;108430.68 0;109287.84 1;109287.84 0;110145 1;110145 0;111002.16 1;111002.16 0;111859.32 1;111859.32 0;112716.48 1;112716.48 0;113573.64 1;113573.64 0;114430.8 1;114430.8 0;115287.96 1;115287.96 0;116145.12 1;116145.12 0;117002.28 1;117002.28 0;117859.44 1;117859.44 0;118716.6 1;118716.6 0;119573.76 1;119573.76 0;120430.92 1;120430.92 0;121288.08 1;121288.08 0;122145.24 1;122145.24 0;123002.4 1;123002.4 0;123859.56 1;123859.56 0;124716.72 1;124716.72 0;125573.88 1;125573.88 0;126431.04 1;126431.04 0;127288.2 1;127288.2 0;128145.36 1;128145.36 0;129002.52 1;129002.52 0;129859.68 1;129859.68 0;130716.84 1;130716.84 0;131574 1;131574 0;132431.16 1;132431.16 0;133288.32 1;133288.32 0;134145.48 1;134145.48 0;135002.64 1;135002.64 0;135859.8 1;135859.8 0;136716.96 1;136716.96 0;137574.12 1;137574.12 0;138431.28 1;138431.28 0;139288.44 1;139288.44 0;140145.6 1;140145.6 0;141002.76 1;141002.76 0;141859.92 1;141859.92 0;142717.08 1;142717.08 0;143574.24 1;143574.24 0;144431.4 1;144431.4 0;145288.56 1;145288.56 0;146145.72 1;146145.72 0;147002.88 1;147002.88 0;147860.04 1;147860.04 0;148717.2 1;148717.2 0;149574.36 1;149574.36 0;150431.52 1;150431.52 0;151288.68 1;151288.68 0;152145.84 1;152145.84 0;153003 1;153003 0;153860.16 1;153860.16 0;154717.32 1;154717.32 0;155574.48 1;155574.48 0;156431.64 1;156431.64 0;157288.8 1;157288.8 0;158145.96 1;158145.96 0;159003.12 1;159003.12 0;159860.28 1;159860.28 0;160717.44 1;160717.44 0;161574.6 1;161574.6 0;162431.76 1;162431.76 0;163288.92 1;163288.92 0;164146.08 1;164146.08 0;165003.24 1;165003.24 0;165860.4 1;165860.4 0;166717.56 1;166717.56 0;167574.72 1;167574.72 0;168431.88 1;168431.88 0;169289.04 1;169289.04 0;170146.2 1;170146.2 0;171003.36 1;171003.36 0;171860.52 1;171860.52 0;172717.68 1;172717.68 0;173574.84 1;173574.84 0;174432 1;174432 0;175289.16 1;175289.16 0;176146.32 1;176146.32 0;177003.48 1;177003.48 0;177860.64 1;177860.64 0;178717.8 1;178717.8 0;179574.96 1;179574.96 0;180432.12 1;180432.12 0;181289.28 1;181289.28 0;182146.44 1;182146.44 0;183003.6 1;183003.6 0;183860.76 1;183860.76 0;184717.92 1;184717.92 0;185575.08 1;185575.08 0;186432.24 1;186432.24 0;187289.4 1;187289.4 0;188146.56 1;188146.56 0;189003.72 1;189003.72 0;189860.88 1;189860.88 0;190718.04 1;190718.04 0;191575.2 1;191575.2 0;192432.36 1;192432.36 0;193289.52 1;193289.52 0;194146.68 1;194146.68 0;195003.84 1;195003.84 0;195861 1;195861 0;196718.16 1;196718.16 0;197575.32 1;197575.32 0;198432.48 1;198432.48 0;199289.64 1;199289.64 0;200146.8 1;200146.8 0;201003.96 1;201003.96 0;201861.12 1;201861.12 0;202718.28 1;202718.28 0;203575.44 1;203575.44 0;204432.6 1;204432.6 0;205289.76 1;205289.76 0;206146.92 1;206146.92 0;207004.08 1;207004.08 0;207861.24 1;207861.24 0;208718.4 1;208718.4 0;209575.56 1;209575.56 0;210432.72 1;210432.72 0;211289.88 1;211289.88 0;212147.04 1;212147.04 0;213004.2 1;213004.2 0;213861.36 1;213861.36 0;214718.52 1;214718.52 0;215575.68 1;215575.68 0;216432.84 1;216432.84 0;217290 1;217290 0;218147.16 1;218147.16 0;219004.32 1;219004.32 0;219861.48 1;219861.48 0;220718.64 1;220718.64 0;221575.8 1;221575.8 0;222432.96 1;222432.96 0;223290.12 1;223290.12 0;224147.28 1;224147.28 0;225004.44 1;225004.44 0;225861.6 1;225861.6 0;226718.76 1;226718.76 0;227575.92 1;227575.92 0;228433.08 1;228433.08 0;229290.24 1;229290.24 0;230147.4 1;230147.4 0;231004.56 1;231004.56 0;231861.72 1;231861.72 0;232718.88 1;232718.88 0;233576.04 1;233576.04 0;234433.2 1;234433.2 0;235290.36 1;235290.36 0;236147.52 1;236147.52 0;237004.68 1;237004.68 0;237861.84 1;237861.84 0;238719 1;238719 0;239576.16 1;239576.16 0;240433.32 1;240433.32 0;241290.48 1;241290.48 0;242147.64 1;242147.64 0;243004.8 1;243004.8 0;243861.96 1;243861.96 0;244719.12 1;244719.12 0;245576.28 1;245576.28 0;246433.44 1;246433.44 0;247290.6 1;247290.6 0;248147.76 1;248147.76 0;249004.92 1;249004.92 0;249862.08 1;249862.08 0;250719.24 1;250719.24 0;251576.4 1;251576.4 0;252433.56 1;252433.56 0;253290.72 1;253290.72 0;254147.88 1;254147.88 0;255005.04 1;255005.04 0;255862.2 1;255862.2 0;256719.36 1;256719.36 0;257576.52 1;257576.52 0;258433.68 1;258433.68 0;259290.84 1;259290.84 0;260148 1;260148 0;261005.16 1;261005.16 0;261862.32 1;261862.32 0;262719.48 1;262719.48 0;263576.64 1;263576.64 0;264433.8 1;264433.8 0;265290.96 1;265290.96 0;266148.12 1;266148.12 0;267005.28 1;267005.28 0;267862.44 1;267862.44 0;268719.6 1;268719.6 0;269576.76 1;269576.76 0;270433.92 1;270433.92 0;271291.08 1;271291.08 0;272148.24 1;272148.24 0;273005.4 1;273005.4 0;273862.56 1;273862.56 0;274719.72 1;274719.72 0;275576.88 1;275576.88 0;276434.04 1;276434.04 0;277291.2 1;277291.2 0;278148.36 1;278148.36 0;279005.52 1;279005.52 0;279862.68 1;279862.68 0;280719.84 1;280719.84 0;281577 1;281577 0;282434.16 1;282434.16 0;283291.32 1;283291.32 0;284148.48 1;284148.48 0;285005.64 1;285005.64 0;285862.8 1;285862.8 0;286719.96 1;286719.96 0;287577.12 1;287577.12 0;288434.28 1;288434.28 0;289291.44 1;289291.44 0;290148.6 1;290148.6 0;291005.76 1;291005.76 0;291862.92 1;291862.92 0;292720.08 1;292720.08 0;293577.24 1;293577.24 0;294434.4 1;294434.4 0;295291.56 1;295291.56 0;296148.72 1;296148.72 0;297005.88 1;297005.88 0;297863.04 1;297863.04 0;298720.2 1;298720.2 0;299577.36 1;299577.36 0;300434.52 1;300434.52 0;301291.68 1;301291.68 0;302148.84 1;302148.84 0;303006 1;303006 0;303863.16 1;303863.16 0;304720.32 1;304720.32 0;305577.48 1;305577.48 0;306434.64 1;306434.64 0;307291.8 1;307291.8 0;308148.96 1;308148.96 0;309006.12 1;309006.12 0;309863.28 1;309863.28 0;310720.44 1;310720.44 0;311577.6 1;311577.6 0;312434.76 1;312434.76 0;313291.92 1;313291.92 0;314149.08 1;314149.08 0;315006.24 1;315006.24 0;315863.4 1;315863.4 0;316720.56 1;316720.56 0;317577.72 1;317577.72 0;318434.88 1;318434.88 0;319292.04 1;319292.04 0;320149.2 1;320149.2 0;321006.36 1;321006.36 0;321863.52 1;321863.52 0;322720.68 1;322720.68 0;323577.84 1;323577.84 0;324435 1;324435 0;325292.16 1;325292.16 0;326149.32 1;326149.32 0;327006.48 1;327006.48 0;327863.64 1;327863.64 0;328720.8 1;328720.8 0;329577.96 1;329577.96 0;330435.12 1;330435.12 0;331292.28 1;331292.28 0;332149.44 1;332149.44 0;333006.6 1;333006.6 0;333863.76 1;333863.76 0;334720.92 1;334720.92 0;335578.08 1;335578.08 0;336435.24 1;336435.24 0;337292.4 1;337292.4 0;338149.56 1;338149.56 0;339006.72 1;339006.72 0;339863.88 1;339863.88 0;340721.04 1;340721.04 0;341578.2 1;341578.2 0;342435.36 1;342435.36 0;343292.52 1;343292.52 0;344149.68 1;344149.68 0;345006.84 1;345006.84 0;345864 1;345864 0;346721.16 1;346721.16 0;347578.32 1;347578.32 0;348435.48 1;