vectors = struct();
vectors.takeoffQueue_queueTime_0 = [54429.6 0;55286.76 0;56143.92 0;57001.08 0;57858.24 0;58715.4 0;59572.56 0;60429.72 0;61286.88 0;62144.04 0;63001.2 0;63858.36 0;64715.52 0;65572.68 0;66429.84 0;67287 0;68144.16 0;69001.32 0;69858.48 0;70715.64 0;71572.8 0;72429.96 0;73287.12 0;74144.28 0;75001.44 0;75858.6 0;76715.76 0;77572.92 0;78430.08 0;79287.24 0;80144.4 0;81001.56 0;81858.72 0;82715.88 0;83573.04 0;84430.2 0;85287.36 0;86144.52 0;87001.68 0;87858.84 0;88716 0;89573.16 0;90430.32 0;91287.48 0;92144.64 0;93001.8 0;93858.96 0;94716.12 0;95573.28 0;96430.44 0;97287.6 0;98144.76 0;99001.92 0;99859.08 0;100716.24 0;101573.4 0;102430.56 0;103287.72 0;104144.88 0;105002.04 0;105859.2 0;106716.36 0;107573.52 0;108430.68 0;109287.84 0;110145 0;111002.16 0;111859.32 0;112716.48 0;113573.64 0;114430.8 0;115287.96 0;116145.12 0;117002.28 0;117859.44 0;118716.6 0;119573.76 0;120430.92 0;121288.08 0;122145.24 0;123002.4 0;123859.56 0;124716.72 0;125573.88 0;126431.04 0;127288.2 0;128145.36 0;129002.52 0;129859.68 0;130716.84 0;131574 0;132431.16 0;133288.32 0;134145.48 0;135002.64 0;135859.8 0;136716.96 0;137574.12 0;138431.28 0;139288.44 0;140145.6 0;141002.76 0;141859.92 0;142717.08 0;143574.24 0;144431.4 0;145288.56 0;146145.72 0;147002.88 0;147860.04 0;148717.2 0;149574.36 0;150431.52 0;151288.68 0;152145.84 0;153003 0;153860.16 0;154717.32 0;155574.48 0;156431.64 0;157288.8 0;158145.96 0;159003.12 0;159860.28 0;160717.44 0;161574.6 0;162431.76 0;163288.92 0;164146.08 0;165003.24 0;165860.4 0;166717.56 0;167574.72 0;168431.88 0;169289.04 0;170146.2 0;171003.36 0;171860.52 0;172717.68 0;173574.84 0;174432 0;175289.16 0;176146.32 0;177003.48 0;177860.64 0;178717.8 0;179574.96 0;180432.12 0;181289.28 0;182146.44 0;183003.6 0;183860.76 0;184717.92 0;185575.08 0;186432.24 0;187289.4 0;188146.56 0;189003.72 0;189860.88 0;190718.04 0;191575.2 0;192432.36 0;193289.52 0;194146.68 0;195003.84 0;195861 0;196718.16 0;197575.32 0;198432.48 0;199289.64 0;200146.8 0;201003.96 0;201861.12 0;202718.28 0;203575.44 0;204432.6 0;205289.76 0;206146.92 0;207004.08 0;207861.24 0;208718.4 0;209575.56 0;210432.72 0;211289.88 0;212147.04 0;213004.2 0;213861.36 0;214718.52 0;215575.68 0;216432.84 0;217290 0;218147.16 0;219004.32 0;219861.48 0;220718.64 0;221575.8 0;222432.96 0;223290.12 0;224147.28 0;225004.44 0;225861.6 0;226718.76 0;227575.92 0;228433.08 0;229290.24 0;230147.4 0;231004.56 0;231861.72 0;232718.88 0;233576.04 0;234433.2 0;235290.36 0;236147.52 0;237004.68 0;237861.84 0;238719 0;239576.16 0;240433.32 0;241290.48 0;242147.64 0;243004.8 0;243861.96 0;244719.12 0;245576.28 0;246433.44 0;247290.6 0;248147.76 0;249004.92 0;249862.08 0;250719.24 0;251576.4 0;252433.56 0;253290.72 0;254147.88 0;255005.04 0;255862.2 0;256719.36 0;257576.52 0;258433.68 0;259290.84 0;260148 0;261005.16 0;261862.32 0;262719.48 0;263576.64 0;264433.8 0;265290.96 0;266148.12 0;267005.28 0;267862.44 0;268719.6 0;269576.76 0;270433.92 0;271291.08 0;272148.24 0;273005.4 0;273862.56 0;274719.72 0;275576.88 0;276434.04 0;277291.2 0;278148.36 0;279005.52 0;279862.68 0;280719.84 0;281577 0;282434.16 0;283291.32 0;284148.48 0;285005.64 0;285862.8 0;286719.96 0;287577.12 0;288434.28 0;289291.44 0;290148.6 0;291005.76 0;291862.92 0;292720.08 0;293577.24 0;294434.4 0;295291.56 0;296148.72 0;297005.88 0;297863.04 0;298720.2 0;299577.36 0;300434.52 0;301291.68 0;302148.84 0;303006 0;303863.16 0;304720.32 0;305577.48 0;306434.64 0;307291.8 0;308148.96 0;309006.12 0;309863.28 0;310720.44 0;311577.6 0;312434.76 0;313291.92 0;314149.08 0;315006.24 0;315863.4 0;316720.56 0;317577.72 0;318434.88 0;319292.04 0;320149.2 0;321006.36 0;321863.52 0;322720.68 0;323577.84 0;324435 0;325292.16 0;326149.32 0;327006.48 0;327863.64 0;328720.8 0;329577.96 0;330435.12 0;331292.28 0;332149.44 0;333006.6 0;333863.76 0;334720.92 0;335578.08 0;336435.24 0;337292.4 0;338149.56 0;339006.72 0;339863.88 0;340721.04 0;341578.2 0;342435.36 0;343292.52 0;344149.68 0;345006.84 0;345864 0;346721.16 0;347578.32 0;348435.48 0;349292.64 0;350149.8 0;351006.96 0;351864.12 0;352721.28 0;353578.44 0;354435.6 0;355292.76 0;356149.92 0;357007.08 0;357864.24 0;358721.4 0;359578.56 0;360435.72 0;361292.88 0;362150.04 0;363007.2 0;363864.36 0;364721.52 0;365578.68 0;366435.84 0;367293 0;368150.16 0;369007.32 0;369864.48 0;370721.64 0;371578.8 0;372435.96 0;373293.12 0;374150.28 0;375007.44 0;375864.6 0;376721.76 0;377578.92 0;378436.08 0;379293.24 0;380150.4 0;381007.56 0;381864.72 0;382721.88 0;383579.04 0;384436.2 0;385293.36 0;386150.52 0;387007.68 0;387864.84 0;388722 0;389579.16 0;390436.32 0;391293.48 0;392150.64 0;393007.8 0;393864.96 0;394722.12 0;395579.28 0;396436.44 0;397293.6 0;398150.76 0;399007.92 0;399865.08 0;400722.24 0;401579.4 0;402436.56 0;403293.72 0;404150.88 0;405008.04 0;405865.2 0;406722.36 0;407579.52 0;408436.68 0;409293.84 0;410151 0;411008.16 0;411865.32 0;412722.48 0;413579.64 0;414436.8 0;415293.96 0;416151.12 0;417008.28 0;417865.44 0;418722.6 0;419579.76 0;420436.92 0;421294.08 0;422151.24 0;423008.4 0;423865.56 0;424722.72 0;425579.88 0;426437.04 0;427294.2 0;428151.36 0;429008.52 0;429865.68 0;430722.84 0;431580 0;432437.16 0;433294.32 0;434151.48 0;435008.64 0;435865.8 0;436722.96 0;437580.12 0;438437.28 0;439294.44 0;440151.6 0;441008.76 0;441865.92 0;442723.08 0;443580.24 0;444437.4 0;445294.56 0;446151.72 0;447008.88 0;447866.04 0;448723.2 0;449580.36 0;450437.52 0;451294.68 0;452151.84 0;453009 0;453866.16 0;454723.32 0;455580.48 0;456437.64 0;457294.8 0;458151.96 0;459009.12 0;459866.28 0;460723.44 0;461580.6 0;462437.76 0;463294.92 0;464152.08 0;465009.24 0;465866.4 0;466723.56 0;467580.72 0;468437.88 0;469295.04 0;470152.2 0;471009.36 0;471866.52 0;472723.68 0;473580.84 0;474438 0;475295.16 0;476152.32 0;477009.48 0;477866.64 0;478723.8 0;479580.96 0;480438.12 0;481295.28 0;482152.44 0;483009.6 0;483866.76 0;484723.92 0;485581.08 0;486438.24 0;487295.4 0;488152.56 0;489009.72 0;489866.88 0;490724.04 0;491581.2 0;492438.36 0;493295.52 0;494152.68 0;495009.84 0;495867 0;496724.16 0;497581.32 0;498438.48 0;499295.64 0;500152.8 0;501009.96 0;501867.12 0;502724.28 0;503581.44 0;504438.6 0;505295.76 0;506152.92 0;507010.08 0;507867.24 0;508724.4 0;509581.56 0;510438.72 0;511295.88 0;512153.04 0;513010.2 0;513867.36 0;514724.52 0;515581.68 0;516438.84 0;517296 0;518153.16 0;519010.32 0;519867.48 0;520724.64 0;521581.8 0;522438.96 0;523296.12 0;524153.28 0;525010.44 0;525867.6 0;526724.76 0;527581.92 0;528439.08 0;529296.24 0;530153.4 0;531010.56 0;531867.72 0;532724.88 0;533582.04 0;534439.2 0;535296.36 0;536153.52 0;537010.68 0;537867.84 0;538725 0;539582.16 0;540439.32 0;541296.48 0;542153.64 0;543010.8 0;543867.96 0;544725.12 0;545582.28 0;546439.44 0;547296.6 0;548153.76 0;549010.92 0;549868.08 0;550725.24 0;551582.4 0;552439.56 0;553296.72 0;554153.88 0;555011.04 0;555868.2 0;556725.36 0;557582.52 0;558439.68 0;559296.84 0;560154 0;561011.16 0;561868.32 0;562725.48 0;563582.64 0;564439.8 0;565296.96 0;566154.12 0;567011.28 0;567868.44 0;568725.6 0;569582.76 0;570439.92 0;571297.08 0;572154.24 0;573011.4 0;573868.56 0;574725.72 0;575582.88 0;576440.04 0;577297.2 0;578154.36 0;579011.52 0;579868.68 0;580725.84 0;581583 0;582440.16 0;583297.32 0;584154.48 0;585011.64 0;585868.8 0;586725.96 0;587583.12 0;588440.28 0;589297.44 0;590154.6 0;591011.76 0;591868.92 0;592726.08 0;593583.24 0;594440.4 0;595297.56 0;596154.72 0;597011.88 0;597869.04 0;598726.2 0;599583.36 0;600440.52 0;601297.68 0;602154.84 0;603012 0;603869.16 0;604726.32 0;605583.48 0;606440.64 0;607297.8 0;608154.96 0;609012.12 0;609869.28 0;610726.44 0;611583.6 0;612440.76 0;613297.92 0;614155.08 0;615012.24 0;615869.4 0;616726.56 0;617583.72 0;618440.88 0;619298.04 0;620155.2 0;621012.36 0;621869.52 0;622726.68 0;623583.84 0;624441 0;625298.16 0;626155.32 0;627012.48 0;627869.64 0;628726.8 0;629583.96 0;630441.12 0;631298.28 0;632155.44 0;633012.6 0;633869.76 0;634726.92 0;635584.08 0;636441.24 0;637298.4 0;638155.56 0;