vectors = struct();
vectors.landingQueue_queueLength_0 = [264000 1;264000 0;270000 1;270000 0;276000 1;276000 0;282000 1;282000 0;288000 1;288000 0;294000 1;294000 0;300000 1;300000 0;306000 1;306000 0;312000 1;312000 0;318000 1;318000 0;324000 1;324000 0;330000 1;330000 0;336000 1;336000 0;342000 1;342000 0;348000 1;348000 0;354000 1;354000 0;360000 1;360000 0;366000 1;366000 0;372000 1;372000 0;378000 1;378000 0;384000 1;384000 0;390000 1;390000 0;396000 1;396000 0;402000 1;402000 0;408000 1;408000 0;414000 1;414000 0;420000 1;420000 0;426000 1;426000 0;432000 1;432000 0;438000 1;438000 0;444000 1;444000 0;450000 1;450000 0;456000 1;456000 0;462000 1;462000 0;468000 1;468000 0;474000 1;474000 0;480000 1;480000 0;486000 1;486000 0;492000 1;492000 0;498000 1;498000 0;504000 1;504000 0;510000 1;510000 0;516000 1;516000 0;522000 1;522000 0;528000 1;528000 0;534000 1;534000 0;540000 1;540000 0;546000 1;546000 0;552000 1;552000 0;558000 1;558000 0;564000 1;564000 0;570000 1;570000 0;576000 1;576000 0;582000 1;582000 0;588000 1;588000 0;594000 1;594000 0;600000 1;600000 0;606000 1;606000 0;612000 1;612000 0;618000 1;618000 0;624000 1;624000 0;630000 1;630000 0;636000 1;636000 0;642000 1;642000 0;648000 1;648000 0;654000 1;654000 0;660000 1;660000 0;666000 1;666000 0;672000 1;672000 0;678000 1;678000 0;684000 1;684000 0;690000 1;690000 0;696000 1;696000 0;702000 1;702000 0;708000 1;708000 0;714000 1;714000 0;720000 1;720000 0;726000 1;726000 0;732000 1;732000 0;738000 1;738000 0;744000 1;744000 0;750000 1;750000 0;756000 1;756000 0;762000 1;762000 0;768000 1;768000 0;774000 1;774000 0;780000 1;780000 0;786000 1;786000 0;792000 1;792000 0;798000 1;798000 0;804000 1;804000 0;810000 1;810000 0;816000 1;816000 0;822000 1;822000 0;828000 1;828000 0;834000 1;834000 0;840000 1;840000 0;846000 1;846000 0;852000 1;852000 0;858000 1;858000 0;864000 1;864000 0;870000 1;870000 0;876000 1;876000 0;882000 1;882000 0;888000 1;888000 0;894000 1;894000 0;900000 1;900000 0;906000 1;906000 0;912000 1;912000 0;918000 1;918000 0;924000 1;924000 0;930000 1;930000 0;936000 1;936000 0;942000 1;942000 0;948000 1;948000 0;954000 1;954000 0;960000 1;960000 0;966000 1;966000 0;972000 1;972000 0;978000 1;978000 0;984000 1;984000 0;990000 1;990000 0;996000 1;996000 0;1002000 1;1002000 0;1008000 1;1008000 0;1014000 1;1014000 0;1020000 1;1020000 0;1026000 1;1026000 0;1032000 1;1032000 0;1038000 1;1038000 0;1044000 1;1044000 0;1050000 1;1050000 0;1056000 1;1056000 0;1062000 1;1062000 0;1068000 1;1068000 0;1074000 1;1074000 0;1080000 1;1080000 0;1086000 1;1086000 0;1092000 1;1092000 0;1098000 1;1098000 0;1104000 1;1104000 0;1110000 1;1110000 0;1116000 1;1116000 0;1122000 1;1122000 0;];
vectors.size = 1;
