vectors = struct();
vectors.landingQueue_queueTime_0 = [264000 0;270000 0;276000 0;282000 0;288000 0;294000 0;300000 0;306000 0;312000 0;318000 0;324000 0;330000 0;336000 0;342000 0;348000 0;354000 0;360000 0;366000 0;372000 0;378000 0;384000 0;390000 0;396000 0;402000 0;408000 0;414000 0;420000 0;426000 0;432000 0;438000 0;444000 0;450000 0;456000 0;462000 0;468000 0;474000 0;480000 0;486000 0;492000 0;498000 0;504000 0;510000 0;516000 0;522000 0;528000 0;534000 0;540000 0;546000 0;552000 0;558000 0;564000 0;570000 0;576000 0;582000 0;588000 0;594000 0;600000 0;606000 0;612000 0;618000 0;624000 0;630000 0;636000 0;642000 0;648000 0;654000 0;660000 0;666000 0;672000 0;678000 0;684000 0;690000 0;696000 0;702000 0;708000 0;714000 0;720000 0;726000 0;732000 0;738000 0;744000 0;750000 0;756000 0;762000 0;768000 0;774000 0;780000 0;786000 0;792000 0;798000 0;804000 0;810000 0;816000 0;822000 0;828000 0;834000 0;840000 0;846000 0;852000 0;858000 0;864000 0;870000 0;876000 0;882000 0;888000 0;894000 0;900000 0;906000 0;912000 0;918000 0;924000 0;930000 0;936000 0;942000 0;948000 0;954000 0;960000 0;966000 0;972000 0;978000 0;984000 0;990000 0;996000 0;1002000 0;1008000 0;1014000 0;1020000 0;1026000 0;1032000 0;1038000 0;1044000 0;1050000 0;1056000 0;1062000 0;1068000 0;1074000 0;1080000 0;1086000 0;1092000 0;1098000 0;1104000 0;1110000 0;1116000 0;1122000 0;];
vectors.size = 1;
