vectors.description='generated by ''C:\omnetpp-5.0\bin\scavetool.exe v -F matlab QueueMeasurement-0.vec -O matlab-0.m'''
vectors.X=[
261000;
261000;
261300;
264000;
264000;
264300;
267000;
267000;
267300;
270000;
270000;
270300;
273000;
273000;
273300;
276000;
276000;
276300;
279000;
279000;
279300;
282000;
282000;
282300;
285000;
285000;
285300;
288000;
288000;
288300;
291000;
291000;
291300;
294000;
294000;
294300;
297000;
297000;
297300;
300000;
300000;
300300;
303000;
303000;
303300;
306000;
306000;
306300;
309000;
309000;
309300;
312000;
312000;
312300;
315000;
315000;
315300;
318000;
318000;
318300;
321000;
321000;
321300;
324000;
324000;
324300;
327000;
327000;
327300;
330000;
330000;
330300;
333000;
333000;
333300;
336000;
336000;
336300;
339000;
339000;
339300;
342000;
342000;
342300;
345000;
345000;
345300;
348000;
348000;
348300;
351000;
351000;
351300;
354000;
354000;
354300;
357000;
357000;
357300;
360000;
360000;
360300;
363000;
363000;
363300;
366000;
366000;
366300;
369000;
369000;
369300;
372000;
372000;
372300;
375000;
375000;
375300;
378000;
378000;
378300;
381000;
381000;
381300;
384000;
384000;
384300;
387000;
387000;
387300;
390000;
390000;
390300;
393000;
393000;
393300;
396000;
396000;
396300;
399000;
399000;
399300;
402000;
402000;
402300;
405000;
405000;
405300;
408000;
408000;
408300;
411000;
411000;
411300;
414000;
414000;
414300;
417000;
417000;
417300;
420000;
420000;
420300;
423000;
423000;
423300;
426000;
426000;
426300;
429000;
429000;
429300;
432000;
432000;
432300;
435000;
435000;
435300;
438000;
438000;
438300;
441000;
441000;
441300;
444000;
444000;
444300;
447000;
447000;
447300;
450000;
450000;
450300;
453000;
453000;
453300;
456000;
456000;
456300;
459000;
459000;
459300;
462000;
462000;
462300;
465000;
465000;
465300;
468000;
468000;
468300;
471000;
471000;
471300;
474000;
474000;
474300;
477000;
477000;
477300;
480000;
480000;
480300;
483000;
483000;
483300;
486000;
486000;
486300;
489000;
489000;
489300;
492000;
492000;
492300;
495000;
495000;
495300;
498000;
498000;
498300;
501000;
501000;
501300;
504000;
504000;
504300;
507000;
507000;
507300;
510000;
510000;
510300;
513000;
513000;
513300;
516000;
516000;
516300;
519000;
519000;
519300;
522000;
522000;
522300;
525000;
525000;
525300;
528000;
528000;
528300;
531000;
531000;
531300;
534000;
534000;
534300;
537000;
537000;
537300;
540000;
540000;
540300;
543000;
543000;
543300;
546000;
546000;
546300;
549000;
549000;
549300;
552000;
552000;
552300;
555000;
555000;
555300;
558000;
558000;
558300;
561000;
561000;
561300;
564000;
564000;
564300;
567000;
567000;
567300;
570000;
570000;
570300;
573000;
573000;
573300;
576000;
576000;
576300;
579000;
579000;
579300;
582000;
582000;
582300;
585000;
585000;
585300;
588000;
588000;
588300;
591000;
591000;
591300;
594000;
594000;
594300;
597000;
597000;
597300;
600000;
600000;
600300;
603000;
603000;
603300;
606000;
606000;
606300;
609000;
609000;
609300;
612000;
612000;
612300;
615000;
615000;
615300;
618000;
618000;
618300;
621000;
621000;
621300;
624000;
624000;
624300;
627000;
627000;
627300;
630000;
630000;
630300;
633000;
633000;
633300;
636000;
636000;
636300;
639000;
639000;
639300;
642000;
642000;
642300;
645000;
645000;
645300;
648000;
648000;
648300;
651000;
651000;
651300;
654000;
654000;
654300;
657000;
657000;
657300;
660000;
660000;
660300;
663000;
663000;
663300;
666000;
666000;
666300;
669000;
669000;
669300;
672000;
672000;
672300;
675000;
675000;
675300;
678000;
678000;
678300;
681000;
681000;
681300;
684000;
684000;
684300;
687000;
687000;
687300;
690000;
690000;
690300;
693000;
693000;
693300;
696000;
696000;
696300;
699000;
699000;
699300;
702000;
702000;
702300;
705000;
705000;
705300;
708000;
708000;
708300;
711000;
711000;
711300;
714000;
714000;
714300;
717000;
717000;
717300;
720000;
720000;
720300;
723000;
723000;
723300;
726000;
726000;
726300;
729000;
729000;
729300;
732000;
732000;
732300;
735000;
735000;
735300;
738000;
738000;
738300;
741000;
741000;
741300;
744000;
744000;
744300;
747000;
747000;
747300;
750000;
750000;
750300;
753000;
753000;
753300;
756000;
756000;
756300;
759000;
759000;
759300;
762000;
762000;
762300;
765000;
765000;
765300;
768000;
768000;
768300;
771000;
771000;
771300;
774000;
774000;
774300;
777000;
777000;
777300;
780000;
780000;
780300;
783000;
783000;
783300;
786000;
786000;
786300;
789000;
789000;
789300;
792000;
792000;
792300;
795000;
795000;
795300;
798000;
798000;
798300;
801000;
801000;
801300;
804000;
804000;
804300;
807000;
807000;
807300;
810000;
810000;
810300;
813000;
813000;
813300;
816000;
816000;
816300;
819000;
819000;
819300;
822000;
822000;
822300;
825000;
825000;
825300;
828000;
828000;
828300;
831000;
831000;
831300;
834000;
834000;
834300;
837000;
837000;
837300;
840000;
840000;
840300;
843000;
843000;
843300;
846000;
846000;
846300;
849000;
849000;
849300;
852000;
852000;
852300;
855000;
855000;
855300;
858000;
858000;
858300;
861000;
861000;
861300;
864000;
864000;
864300;
867000;
867000;
867300;
870000;
870000;
870300;
873000;
873000;
873300;
876000;
876000;
876300;
879000;
879000;
879300;
882000;
882000;
882300;
885000;
885000;
885300;
888000;
888000;
888300;
891000;
891000;
891300;
894000;
894000;
894300;
897000;
897000;
897300;
900000;
900000;
900300;
903000;
903000;
903300;
906000;
906000;
906300;
909000;
909000;
909300;
912000;
912000;
912300;
915000;
915000;
915300;
918000;
918000;
918300;
921000;
921000;
921300;
924000;
924000;
924300;
927000;
927000;
927300;
930000;
930000;
930300;
933000;
933000;
933300;
936000;
936000;
936300;
939000;
939000;
939300;
942000;
942000;
942300;
945000;
945000;
945300;
948000;
948000;
948300;
951000;
951000;
951300;
954000;
954000;
954300;
957000;
957000;
957300;
960000;
960000;
960300;
963000;
963000;
963300;
966000;
966000;
966300;
969000;
969000;
969300;
972000;
972000;
972300;
975000;
975000;
975300;
978000;
978000;
978300;
981000;
981000;
981300;
984000;
984000;
984300;
987000;
987000;
987300;
990000;
990000;
990300;
993000;
993000;
993300;
996000;
996000;
996300;
999000;
999000;
999300;
1002000;
1002000;
1002300;
1005000;
1005000;
1005300;
1008000;
1008000;
1008300;
1011000;
1011000;
1011300;
1014000;
1014000;
1014300;
1017000;
1017000;
1017300;
1020000;
1020000;
1020300;
1023000;
1023000;
1023300;
1026000;
1026000;
1026300;
1029000;
1029000;
1029300;
1032000;
1032000;
1032300;
1035000;
1035000;
1035300;
1038000;
1038000;
1038300;
1041000;
1041000;
1041300;
1044000;
1044000;
1044300;
1047000;
1047000;
1047300;
1050000;
1050000;
1050300;
1053000;
1053000;
1053300;
1056000;
1056000;
1056300;
1059000;
1059000;
1059300;
1062000;
1062000;
1062300;
1065000;
1065000;
1065300;
1068000;
1068000;
1068300;
1071000;
1071000;
1071300;
1074000;
1074000;
1074300;
1077000;
1077000;
1077300;
1080000;
1080000;
1080300;
1083000;
1083000;
1083300;
1086000;
1086000;
1086300;
1089000;
1089000;
1089300;
1092000;
1092000;
1092300;
1095000;
1095000;
1095300;
1098000;
1098000;
1098300;
1101000;
1101000;
1101300;
1104000;
1104000;
1104300;
1107000;
1107000;
1107300;
1110000;
1110000;
1110300;
1113000;
1113000;
1113300;
1116000;
1116000;
1116300;
1119000;
1119000;
1119300;
1122000;
1122000;
1122300;
]

