vectors = struct();
vectors.parkingLot_parkingOccupancy_0 = [261000 0;264300 1;267000 0;270300 1;273000 0;276300 1;279000 0;282300 1;285000 0;288300 1;291000 0;294300 1;297000 0;300300 1;303000 0;306300 1;309000 0;312300 1;315000 0;318300 1;321000 0;324300 1;327000 0;330300 1;333000 0;336300 1;339000 0;342300 1;345000 0;348300 1;351000 0;354300 1;357000 0;360300 1;363000 0;366300 1;369000 0;372300 1;375000 0;378300 1;381000 0;384300 1;387000 0;390300 1;393000 0;396300 1;399000 0;402300 1;405000 0;408300 1;411000 0;414300 1;417000 0;420300 1;423000 0;426300 1;429000 0;432300 1;435000 0;438300 1;441000 0;444300 1;447000 0;450300 1;453000 0;456300 1;459000 0;462300 1;465000 0;468300 1;471000 0;474300 1;477000 0;480300 1;483000 0;486300 1;489000 0;492300 1;495000 0;498300 1;501000 0;504300 1;507000 0;510300 1;513000 0;516300 1;519000 0;522300 1;525000 0;528300 1;531000 0;534300 1;537000 0;540300 1;543000 0;546300 1;549000 0;552300 1;555000 0;558300 1;561000 0;564300 1;567000 0;570300 1;573000 0;576300 1;579000 0;582300 1;585000 0;588300 1;591000 0;594300 1;597000 0;600300 1;603000 0;606300 1;609000 0;612300 1;615000 0;618300 1;621000 0;624300 1;627000 0;630300 1;633000 0;636300 1;639000 0;642300 1;645000 0;648300 1;651000 0;654300 1;657000 0;660300 1;663000 0;666300 1;669000 0;672300 1;675000 0;678300 1;681000 0;684300 1;687000 0;690300 1;693000 0;696300 1;699000 0;702300 1;705000 0;708300 1;711000 0;714300 1;717000 0;720300 1;723000 0;726300 1;729000 0;732300 1;735000 0;738300 1;741000 0;744300 1;747000 0;750300 1;753000 0;756300 1;759000 0;762300 1;765000 0;768300 1;771000 0;774300 1;777000 0;780300 1;783000 0;786300 1;789000 0;792300 1;795000 0;798300 1;801000 0;804300 1;807000 0;810300 1;813000 0;816300 1;819000 0;822300 1;825000 0;828300 1;831000 0;834300 1;837000 0;840300 1;843000 0;846300 1;849000 0;852300 1;855000 0;858300 1;861000 0;864300 1;867000 0;870300 1;873000 0;876300 1;879000 0;882300 1;885000 0;888300 1;891000 0;894300 1;897000 0;900300 1;903000 0;906300 1;909000 0;912300 1;915000 0;918300 1;921000 0;924300 1;927000 0;930300 1;933000 0;936300 1;939000 0;942300 1;945000 0;948300 1;951000 0;954300 1;957000 0;960300 1;963000 0;966300 1;969000 0;972300 1;975000 0;978300 1;981000 0;984300 1;987000 0;990300 1;993000 0;996300 1;999000 0;1002300 1;1005000 0;1008300 1;1011000 0;1014300 1;1017000 0;1020300 1;1023000 0;1026300 1;1029000 0;1032300 1;1035000 0;1038300 1;1041000 0;1044300 1;1047000 0;1050300 1;1053000 0;1056300 1;1059000 0;1062300 1;1065000 0;1068300 1;1071000 0;1074300 1;1077000 0;1080300 1;1083000 0;1086300 1;1089000 0;1092300 1;1095000 0;1098300 1;1101000 0;1104300 1;1107000 0;1110300 1;1113000 0;1116300 1;1119000 0;1122300 1;];
vectors.wg_responseTime_0 = [261300 9300;267300 9300;273300 9300;279300 9300;285300 9300;291300 9300;297300 9300;303300 9300;309300 9300;315300 9300;321300 9300;327300 9300;333300 9300;339300 9300;345300 9300;351300 9300;357300 9300;363300 9300;369300 9300;375300 9300;381300 9300;387300 9300;393300 9300;399300 9300;405300 9300;411300 9300;417300 9300;423300 9300;429300 9300;435300 9300;441300 9300;447300 9300;453300 9300;459300 9300;465300 9300;471300 9300;477300 9300;483300 9300;489300 9300;495300 9300;501300 9300;507300 9300;513300 9300;519300 9300;525300 9300;531300 9300;537300 9300;543300 9300;549300 9300;555300 9300;561300 9300;567300 9300;573300 9300;579300 9300;585300 9300;591300 9300;597300 9300;603300 9300;609300 9300;615300 9300;621300 9300;627300 9300;633300 9300;639300 9300;645300 9300;651300 9300;657300 9300;663300 9300;669300 9300;675300 9300;681300 9300;687300 9300;693300 9300;699300 9300;705300 9300;711300 9300;717300 9300;723300 9300;729300 9300;735300 9300;741300 9300;747300 9300;753300 9300;759300 9300;765300 9300;771300 9300;777300 9300;783300 9300;789300 9300;795300 9300;801300 9300;807300 9300;813300 9300;819300 9300;825300 9300;831300 9300;837300 9300;843300 9300;849300 9300;855300 9300;861300 9300;867300 9300;873300 9300;879300 9300;885300 9300;891300 9300;897300 9300;903300 9300;909300 9300;915300 9300;921300 9300;927300 9300;933300 9300;939300 9300;945300 9300;951300 9300;957300 9300;963300 9300;969300 9300;975300 9300;981300 9300;987300 9300;993300 9300;999300 9300;1005300 9300;1011300 9300;1017300 9300;1023300 9300;1029300 9300;1035300 9300;1041300 9300;1047300 9300;1053300 9300;1059300 9300;1065300 9300;1071300 9300;1077300 9300;1083300 9300;1089300 9300;1095300 9300;1101300 9300;1107300 9300;1113300 9300;1119300 9300;];
vectors.landingQueue_queueTime_0 = [264000 0;270000 0;276000 0;282000 0;288000 0;294000 0;300000 0;306000 0;312000 0;318000 0;324000 0;330000 0;336000 0;342000 0;348000 0;354000 0;360000 0;366000 0;372000 0;378000 0;384000 0;390000 0;396000 0;402000 0;408000 0;414000 0;420000 0;426000 0;432000 0;438000 0;444000 0;450000 0;456000 0;462000 0;468000 0;474000 0;480000 0;486000 0;492000 0;498000 0;504000 0;510000 0;516000 0;522000 0;528000 0;534000 0;540000 0;546000 0;552000 0;558000 0;564000 0;570000 0;576000 0;582000 0;588000 0;594000 0;600000 0;606000 0;612000 0;618000 0;624000 0;630000 0;636000 0;642000 0;648000 0;654000 0;660000 0;666000 0;672000 0;678000 0;684000 0;690000 0;696000 0;702000 0;708000 0;714000 0;720000 0;726000 0;732000 0;738000 0;744000 0;750000 0;756000 0;762000 0;768000 0;774000 0;780000 0;786000 0;792000 0;798000 0;804000 0;810000 0;816000 0;822000 0;828000 0;834000 0;840000 0;846000 0;852000 0;858000 0;864000 0;870000 0;876000 0;882000 0;888000 0;894000 0;900000 0;906000 0;912000 0;918000 0;924000 0;930000 0;936000 0;942000 0;948000 0;954000 0;960000 0;966000 0;972000 0;978000 0;984000 0;990000 0;996000 0;1002000 0;1008000 0;1014000 0;1020000 0;1026000 0;1032000 0;1038000 0;1044000 0;1050000 0;1056000 0;1062000 0;1068000 0;1074000 0;1080000 0;1086000 0;1092000 0;1098000 0;1104000 0;1110000 0;1116000 0;1122000 0;];
