vectors = struct();
vectors.takeoffQueue_queueLength_0 = [261000 1;261000 0;267000 1;267000 0;273000 1;273000 0;279000 1;279000 0;285000 1;285000 0;291000 1;291000 0;297000 1;297000 0;303000 1;303000 0;309000 1;309000 0;315000 1;315000 0;321000 1;321000 0;327000 1;327000 0;333000 1;333000 0;339000 1;339000 0;345000 1;345000 0;351000 1;351000 0;357000 1;357000 0;363000 1;363000 0;369000 1;369000 0;375000 1;375000 0;381000 1;381000 0;387000 1;387000 0;393000 1;393000 0;399000 1;399000 0;405000 1;405000 0;411000 1;411000 0;417000 1;417000 0;423000 1;423000 0;429000 1;429000 0;435000 1;435000 0;441000 1;441000 0;447000 1;447000 0;453000 1;453000 0;459000 1;459000 0;465000 1;465000 0;471000 1;471000 0;477000 1;477000 0;483000 1;483000 0;489000 1;489000 0;495000 1;495000 0;501000 1;501000 0;507000 1;507000 0;513000 1;513000 0;519000 1;519000 0;525000 1;525000 0;531000 1;531000 0;537000 1;537000 0;543000 1;543000 0;549000 1;549000 0;555000 1;555000 0;561000 1;561000 0;567000 1;567000 0;573000 1;573000 0;579000 1;579000 0;585000 1;585000 0;591000 1;591000 0;597000 1;597000 0;603000 1;603000 0;609000 1;609000 0;615000 1;615000 0;621000 1;621000 0;627000 1;627000 0;633000 1;633000 0;639000 1;639000 0;645000 1;645000 0;651000 1;651000 0;657000 1;657000 0;663000 1;663000 0;669000 1;669000 0;675000 1;675000 0;681000 1;681000 0;687000 1;687000 0;693000 1;693000 0;699000 1;699000 0;705000 1;705000 0;711000 1;711000 0;717000 1;717000 0;723000 1;723000 0;729000 1;729000 0;735000 1;735000 0;741000 1;741000 0;747000 1;747000 0;753000 1;753000 0;759000 1;759000 0;765000 1;765000 0;771000 1;771000 0;777000 1;777000 0;783000 1;783000 0;789000 1;789000 0;795000 1;795000 0;801000 1;801000 0;807000 1;807000 0;813000 1;813000 0;819000 1;819000 0;825000 1;825000 0;831000 1;831000 0;837000 1;837000 0;843000 1;843000 0;849000 1;849000 0;855000 1;855000 0;861000 1;861000 0;867000 1;867000 0;873000 1;873000 0;879000 1;879000 0;885000 1;885000 0;891000 1;891000 0;897000 1;897000 0;903000 1;903000 0;909000 1;909000 0;915000 1;915000 0;921000 1;921000 0;927000 1;927000 0;933000 1;933000 0;939000 1;939000 0;945000 1;945000 0;951000 1;951000 0;957000 1;957000 0;963000 1;963000 0;969000 1;969000 0;975000 1;975000 0;981000 1;981000 0;987000 1;987000 0;993000 1;993000 0;999000 1;999000 0;1005000 1;1005000 0;1011000 1;1011000 0;1017000 1;1017000 0;1023000 1;1023000 0;1029000 1;1029000 0;1035000 1;1035000 0;1041000 1;1041000 0;1047000 1;1047000 0;1053000 1;1053000 0;1059000 1;1059000 0;1065000 1;1065000 0;1071000 1;1071000 0;1077000 1;1077000 0;1083000 1;1083000 0;1089000 1;1089000 0;1095000 1;1095000 0;1101000 1;1101000 0;1107000 1;1107000 0;1113000 1;1113000 0;1119000 1;1119000 0;];
vectors.size = 1;
