vectors = struct();
vectors.takeoffQueue_queueTime_0 = [261000 0;267000 0;273000 0;279000 0;285000 0;291000 0;297000 0;303000 0;309000 0;315000 0;321000 0;327000 0;333000 0;339000 0;345000 0;351000 0;357000 0;363000 0;369000 0;375000 0;381000 0;387000 0;393000 0;399000 0;405000 0;411000 0;417000 0;423000 0;429000 0;435000 0;441000 0;447000 0;453000 0;459000 0;465000 0;471000 0;477000 0;483000 0;489000 0;495000 0;501000 0;507000 0;513000 0;519000 0;525000 0;531000 0;537000 0;543000 0;549000 0;555000 0;561000 0;567000 0;573000 0;579000 0;585000 0;591000 0;597000 0;603000 0;609000 0;615000 0;621000 0;627000 0;633000 0;639000 0;645000 0;651000 0;657000 0;663000 0;669000 0;675000 0;681000 0;687000 0;693000 0;699000 0;705000 0;711000 0;717000 0;723000 0;729000 0;735000 0;741000 0;747000 0;753000 0;759000 0;765000 0;771000 0;777000 0;783000 0;789000 0;795000 0;801000 0;807000 0;813000 0;819000 0;825000 0;831000 0;837000 0;843000 0;849000 0;855000 0;861000 0;867000 0;873000 0;879000 0;885000 0;891000 0;897000 0;903000 0;909000 0;915000 0;921000 0;927000 0;933000 0;939000 0;945000 0;951000 0;957000 0;963000 0;969000 0;975000 0;981000 0;987000 0;993000 0;999000 0;1005000 0;1011000 0;1017000 0;1023000 0;1029000 0;1035000 0;1041000 0;1047000 0;1053000 0;1059000 0;1065000 0;1071000 0;1077000 0;1083000 0;1089000 0;1095000 0;1101000 0;1107000 0;1113000 0;1119000 0;];
vectors.size = 1;
