vectors = struct();
vectors.parkingLot_parkingOccupancy_0 = [302609.76 3;302781.24 2;304324.02 3;304495.5 2;306038.28 3;306209.76 2;307752.54 3;307924.02 2;309466.8 3;309638.28 2;311181.06 3;311352.54 2;312895.32 3;313066.8 2;314609.58 3;314781.06 2;316323.84 3;316495.32 2;318038.1 3;318209.58 2;319752.36 3;319923.84 2;321466.62 3;321638.1 2;323180.88 3;323352.36 2;324895.14 3;325066.62 2;326609.4 3;326780.88 2;328323.66 3;328495.14 2;330037.92 3;330209.4 2;331752.18 3;331923.66 2;333466.44 3;333637.92 2;335180.7 3;335352.18 2;336894.96 3;337066.44 2;338609.22 3;338780.7 2;340323.48 3;340494.96 2;342037.74 3;342209.22 2;343752 3;343923.48 2;345466.26 3;345637.74 2;347180.52 3;347352 2;348894.78 3;349066.26 2;350609.04 3;350780.52 2;352323.3 3;352494.78 2;354037.56 3;354209.04 2;355751.82 3;355923.3 2;357466.08 3;357637.56 2;359180.34 3;359351.82 2;360894.6 3;361066.08 2;362608.86 3;362780.34 2;364323.12 3;364494.6 2;366037.38 3;366208.86 2;367751.64 3;367923.12 2;369465.9 3;369637.38 2;371180.16 3;371351.64 2;372894.42 3;373065.9 2;374608.68 3;374780.16 2;376322.94 3;376494.42 2;378037.2 3;378208.68 2;379751.46 3;379922.94 2;381465.72 3;381637.2 2;383179.98 3;383351.46 2;384894.24 3;385065.72 2;386608.5 3;386779.98 2;388322.76 3;388494.24 2;390037.02 3;390208.5 2;391751.28 3;391922.76 2;393465.54 3;393637.02 2;395179.8 3;395351.28 2;396894.06 3;397065.54 2;398608.32 3;398779.8 2;400322.58 3;400494.06 2;402036.84 3;402208.32 2;403751.1 3;403922.58 2;405465.36 3;405636.84 2;407179.62 3;407351.1 2;408893.88 3;409065.36 2;410608.14 3;410779.62 2;412322.4 3;412493.88 2;414036.66 3;414208.14 2;415750.92 3;415922.4 2;417465.18 3;417636.66 2;419179.44 3;419350.92 2;420893.7 3;421065.18 2;422607.96 3;422779.44 2;424322.22 3;424493.7 2;426036.48 3;426207.96 2;427750.74 3;427922.22 2;429465 3;429636.48 2;431179.26 3;431350.74 2;432893.52 3;433065 2;434607.78 3;434779.26 2;436322.04 3;436493.52 2;438036.3 3;438207.78 2;439750.56 3;439922.04 2;441464.82 3;441636.3 2;443179.08 3;443350.56 2;444893.34 3;445064.82 2;446607.6 3;446779.08 2;448321.86 3;448493.34 2;450036.12 3;450207.6 2;451750.38 3;451921.86 2;453464.64 3;453636.12 2;455178.9 3;455350.38 2;456893.16 3;457064.64 2;458607.42 3;458778.9 2;460321.68 3;460493.16 2;462035.94 3;462207.42 2;463750.2 3;463921.68 2;465464.46 3;465635.94 2;467178.72 3;467350.2 2;468892.98 3;469064.46 2;470607.24 3;470778.72 2;472321.5 3;472492.98 2;474035.76 3;474207.24 2;475750.02 3;475921.5 2;477464.28 3;477635.76 2;479178.54 3;479350.02 2;480892.8 3;481064.28 2;482607.06 3;482778.54 2;484321.32 3;484492.8 2;486035.58 3;486207.06 2;487749.84 3;487921.32 2;489464.1 3;489635.58 2;491178.36 3;491349.84 2;492892.62 3;493064.1 2;494606.88 3;494778.36 2;496321.14 3;496492.62 2;498035.4 3;498206.88 2;499749.66 3;499921.14 2;501463.92 3;501635.4 2;503178.18 3;503349.66 2;504892.44 3;505063.92 2;506606.7 3;506778.18 2;508320.96 3;508492.44 2;510035.22 3;510206.7 2;511749.48 3;511920.96 2;513463.74 3;513635.22 2;515178 3;515349.48 2;516892.26 3;517063.74 2;518606.52 3;518778 2;520320.78 3;520492.26 2;522035.04 3;522206.52 2;523749.3 3;523920.78 2;525463.56 3;525635.04 2;527177.82 3;527349.3 2;528892.08 3;529063.56 2;530606.34 3;530777.82 2;532320.6 3;532492.08 2;534034.86 3;534206.34 2;535749.12 3;535920.6 2;537463.38 3;537634.86 2;539177.64 3;539349.12 2;540891.9 3;541063.38 2;542606.16 3;542777.64 2;544320.42 3;544491.9 2;546034.68 3;546206.16 2;547748.94 3;547920.42 2;549463.2 3;549634.68 2;551177.46 3;551348.94 2;552891.72 3;553063.2 2;554605.98 3;554777.46 2;556320.24 3;556491.72 2;558034.5 3;558205.98 2;559748.76 3;559920.24 2;561463.02 3;561634.5 2;563177.28 3;563348.76 2;564891.54 3;565063.02 2;566605.8 3;566777.28 2;568320.06 3;568491.54 2;570034.32 3;570205.8 2;571748.58 3;571920.06 2;573462.84 3;573634.32 2;575177.1 3;575348.58 2;576891.36 3;577062.84 2;578605.62 3;578777.1 2;580319.88 3;580491.36 2;582034.14 3;582205.62 2;583748.4 3;583919.88 2;585462.66 3;585634.14 2;587176.92 3;587348.4 2;588891.18 3;589062.66 2;590605.44 3;590776.92 2;592319.7 3;592491.18 2;594033.96 3;594205.44 2;595748.22 3;595919.7 2;597462.48 3;597633.96 2;599176.74 3;599348.22 2;600891 3;601062.48 2;602605.26 3;602776.74 2;604319.52 3;604491 2;606033.78 3;606205.26 2;607748.04 3;607919.52 2;609462.3 3;609633.78 2;611176.56 3;611348.04 2;612890.82 3;613062.3 2;614605.08 3;614776.56 2;616319.34 3;616490.82 2;618033.6 3;618205.08 2;619747.86 3;619919.34 2;621462.12 3;621633.6 2;623176.38 3;623347.86 2;624890.64 3;625062.12 2;626604.9 3;626776.38 2;628319.16 3;628490.64 2;630033.42 3;630204.9 2;631747.68 3;631919.16 2;633461.94 3;633633.42 2;635176.2 3;635347.68 2;636890.46 3;637061.94 2;638604.72 3;638776.2 2;640318.98 3;640490.46 2;642033.24 3;642204.72 2;643747.5 3;643918.98 2;645461.76 3;645633.24 2;647176.02 3;647347.5 2;648890.28 3;649061.76 2;650604.54 3;650776.02 2;652318.8 3;652490.28 2;654033.06 3;654204.54 2;655747.32 3;655918.8 2;657461.58 3;657633.06 2;659175.84 3;659347.32 2;660890.1 3;661061.58 2;662604.36 3;662775.84 2;664318.62 3;664490.1 2;666032.88 3;666204.36 2;667747.14 3;667918.62 2;669461.4 3;669632.88 2;671175.66 3;671347.14 2;672889.92 3;673061.4 2;674604.18 3;674775.66 2;676318.44 3;676489.92 2;678032.7 3;678204.18 2;679746.96 3;679918.44 2;681461.22 3;681632.7 2;683175.48 3;683346.96 2;684889.74 3;685061.22 2;686604 3;686775.48 2;688318.26 3;688489.74 2;690032.52 3;690204 2;691746.78 3;691918.26 2;693461.04 3;693632.52 2;695175.3 3;695346.78 2;696889.56 3;697061.04 2;698603.82 3;698775.3 2;700318.08 3;700489.56 2;702032.34 3;702203.82 2;703746.6 3;703918.08 2;705460.86 3;705632.34 2;707175.12 3;707346.6 2;708889.38 3;709060.86 2;710603.64 3;710775.12 2;712317.9 3;712489.38 2;714032.16 3;714203.64 2;715746.42 3;715917.9 2;717460.68 3;717632.16 2;719174.94 3;719346.42 2;720889.2 3;721060.68 2;722603.46 3;722774.94 2;724317.72 3;724489.2 2;726031.98 3;726203.46 2;727746.24 3;727917.72 2;729460.5 3;729631.98 2;731174.76 3;731346.24 2;732889.02 3;733060.5 2;734603.28 3;734774.76 2;736317.54 3;736489.02 2;738031.8 3;738203.28 2;739746.06 3;739917.54 2;741460.32 3;741631.8 2;743174.58 3;743346.06 2;744888.84 3;745060.32 2;746603.1 3;746774.58 2;748317.36 3;748488.84 2;750031.62 3;750203.1 2;751745.88 3;751917.36 2;753460.14 3;753631.62 2;755174.4 3;755345.88 2;756888.66 3;757060.14 2;758602.92 3;758774.4 2;760317.18 3;760488.66 2;762031.44 3;762202.92 2;763745.7 3;763917.18 2;765459.96 3;765631.44 2;767174.22 3;767345.7 2;768888.48 3;769059.96 2;770602.74 3;770774.22 2;772317 3;772488.48 2;774031.26 3;774202.74 2;775745.52 3;775917 2;777459.78 3;777631.26 2;779174.04 3;779345.52 2;780888.3 3;781059.78 2;782602.56 3;782774.04 2;784316.82 3;784488.3 2;786031.08 3;786202.56 2;787745.34 3;787916.82 2;789459.6 3;789631.08 2;791173.86 3;791345.34 2;792888.12 3;793059.6 2;794602.38 3;794773.86 2;796316.64 3;796488.12 2;798030.9 3;798202.38 2;799745.16 3;799916.64 2;801459.42 3;801630.9 2;803173.68 3;803345.16 2;804887.94 3;805059.42 2;806602.2 3;806773.68 2;808316.46 3;808487.94 2;810030.72 3;810202.2 2;811744.98 3;811916.46 2;813459.24 3;813630.72 2;815173.5 3;815344.98 2;816887.76 3;817059.24 2;818602.02 3;818773.5 2;820316.28 3;820487.76 2;822030.54 3;822202.02 2;823744.8 3;823916.28 2;825459.06 3;825630.54 2;827173.32 3;827344.8 2;828887.58 3;829059.06 2;830601.84 3;830773.32 2;832316.1 3;832487.58 2;834030.36 3;834201.84 2;835744.62 3;835916.1 2;837458.88 3;837630.36 2;839173.14 3;839344.62 2;840887.4 3;841058.88 2;842601.66 3;842773.14 2;844315.92 3;844487.4 2;846030.18 3;846201.66 2;847744.44 3;847915.92 2;849458.7 3;849630.18 2;851172.96 3;851344.44 2;852887.22 3;853058.7 2;854601.48 3;854772.96 2;856315.74 3;856487.22 2;858030 3;858201.48 2;859744.26 3;859915.74 2;861458.52 3;861630 2;863172.78 3;863344.26 2;864887.04 3;865058.52 2;866601.3 3;866772.78 2;868315.56 3;868487.04 2;870029.82 3;870201.3 2;871744.08 3;871915.56 2;873458.34 3;873629.82 2;875172.6 3;875344.08 2;876886.86 3;877058.34 2;878601.12 3;878772.6 2;880315.38 3;