vectors = struct();
vectors.landingQueue_queueLength_0 = [75600 1;75600 0;76800 1;76800 0;78000 1;78000 0;79200 1;79200 0;80400 1;80400 0;81600 1;81600 0;82800 1;82800 0;84000 1;84000 0;85200 1;85200 0;86400 1;86400 0;87600 1;87600 0;88800 1;88800 0;90000 1;90000 0;91200 1;91200 0;92400 1;92400 0;93600 1;93600 0;94800 1;94800 0;96000 1;96000 0;97200 1;97200 0;98400 1;98400 0;99600 1;99600 0;100800 1;100800 0;102000 1;102000 0;103200 1;103200 0;104400 1;104400 0;105600 1;105600 0;106800 1;106800 0;108000 1;108000 0;109200 1;109200 0;110400 1;110400 0;111600 1;111600 0;112800 1;112800 0;114000 1;114000 0;115200 1;115200 0;116400 1;116400 0;117600 1;117600 0;118800 1;118800 0;120000 1;120000 0;121200 1;121200 0;122400 1;122400 0;123600 1;123600 0;124800 1;124800 0;126000 1;126000 0;127200 1;127200 0;128400 1;128400 0;129600 1;129600 0;130800 1;130800 0;132000 1;132000 0;133200 1;133200 0;134400 1;134400 0;135600 1;135600 0;136800 1;136800 0;138000 1;138000 0;139200 1;139200 0;140400 1;140400 0;141600 1;141600 0;142800 1;142800 0;144000 1;144000 0;145200 1;145200 0;146400 1;146400 0;147600 1;147600 0;148800 1;148800 0;150000 1;150000 0;151200 1;151200 0;152400 1;152400 0;153600 1;153600 0;154800 1;154800 0;156000 1;156000 0;157200 1;157200 0;158400 1;158400 0;159600 1;159600 0;160800 1;160800 0;162000 1;162000 0;163200 1;163200 0;164400 1;164400 0;165600 1;165600 0;166800 1;166800 0;168000 1;168000 0;169200 1;169200 0;170400 1;170400 0;171600 1;171600 0;172800 1;172800 0;174000 1;174000 0;175200 1;175200 0;176400 1;176400 0;177600 1;177600 0;178800 1;178800 0;180000 1;180000 0;181200 1;181200 0;182400 1;182400 0;183600 1;183600 0;184800 1;184800 0;186000 1;186000 0;187200 1;187200 0;188400 1;188400 0;189600 1;189600 0;190800 1;190800 0;192000 1;192000 0;193200 1;193200 0;194400 1;194400 0;195600 1;195600 0;196800 1;196800 0;198000 1;198000 0;199200 1;199200 0;200400 1;200400 0;201600 1;201600 0;202800 1;202800 0;204000 1;204000 0;205200 1;205200 0;206400 1;206400 0;207600 1;207600 0;208800 1;208800 0;210000 1;210000 0;211200 1;211200 0;212400 1;212400 0;213600 1;213600 0;214800 1;214800 0;216000 1;216000 0;217200 1;217200 0;218400 1;218400 0;219600 1;219600 0;220800 1;220800 0;222000 1;222000 0;223200 1;223200 0;224400 1;224400 0;225600 1;225600 0;226800 1;226800 0;228000 1;228000 0;229200 1;229200 0;230400 1;230400 0;231600 1;231600 0;232800 1;232800 0;234000 1;234000 0;235200 1;235200 0;236400 1;236400 0;237600 1;237600 0;238800 1;238800 0;240000 1;240000 0;241200 1;241200 0;242400 1;242400 0;243600 1;243600 0;244800 1;244800 0;246000 1;246000 0;247200 1;247200 0;248400 1;248400 0;249600 1;249600 0;250800 1;250800 0;252000 1;252000 0;253200 1;253200 0;254400 1;254400 0;255600 1;255600 0;256800 1;256800 0;258000 1;258000 0;259200 1;259200 0;260400 1;260400 0;261600 1;261600 0;262800 1;262800 0;264000 1;264000 0;265200 1;265200 0;266400 1;266400 0;267600 1;267600 0;268800 1;268800 0;270000 1;270000 0;271200 1;271200 0;272400 1;272400 0;273600 1;273600 0;274800 1;274800 0;276000 1;276000 0;277200 1;277200 0;278400 1;278400 0;279600 1;279600 0;280800 1;280800 0;282000 1;282000 0;283200 1;283200 0;284400 1;284400 0;285600 1;285600 0;286800 1;286800 0;288000 1;288000 0;289200 1;289200 0;290400 1;290400 0;291600 1;291600 0;292800 1;292800 0;294000 1;294000 0;295200 1;295200 0;296400 1;296400 0;297600 1;297600 0;298800 1;298800 0;300000 1;300000 0;301200 1;301200 0;302400 1;302400 0;303600 1;303600 0;304800 1;304800 0;306000 1;306000 0;307200 1;307200 0;308400 1;308400 0;309600 1;309600 0;310800 1;310800 0;312000 1;312000 0;313200 1;313200 0;314400 1;314400 0;315600 1;315600 0;316800 1;316800 0;318000 1;318000 0;319200 1;319200 0;320400 1;320400 0;321600 1;321600 0;322800 1;322800 0;324000 1;324000 0;325200 1;325200 0;326400 1;326400 0;327600 1;327600 0;328800 1;328800 0;330000 1;330000 0;331200 1;331200 0;332400 1;332400 0;333600 1;333600 0;334800 1;334800 0;336000 1;336000 0;337200 1;337200 0;338400 1;338400 0;339600 1;339600 0;340800 1;340800 0;342000 1;342000 0;343200 1;343200 0;344400 1;344400 0;345600 1;345600 0;346800 1;346800 0;348000 1;348000 0;349200 1;349200 0;350400 1;350400 0;351600 1;351600 0;352800 1;352800 0;354000 1;354000 0;355200 1;355200 0;356400 1;356400 0;357600 1;357600 0;358800 1;358800 0;360000 1;360000 0;361200 1;361200 0;362400 1;362400 0;363600 1;363600 0;364800 1;364800 0;366000 1;366000 0;367200 1;367200 0;368400 1;368400 0;369600 1;369600 0;370800 1;370800 0;372000 1;372000 0;373200 1;373200 0;374400 1;374400 0;375600 1;375600 0;376800 1;376800 0;378000 1;378000 0;379200 1;379200 0;380400 1;380400 0;381600 1;381600 0;382800 1;382800 0;384000 1;384000 0;385200 1;385200 0;386400 1;386400 0;387600 1;387600 0;388800 1;388800 0;390000 1;390000 0;391200 1;391200 0;392400 1;392400 0;393600 1;393600 0;394800 1;394800 0;396000 1;396000 0;397200 1;397200 0;398400 1;398400 0;399600 1;399600 0;400800 1;400800 0;402000 1;402000 0;403200 1;403200 0;404400 1;404400 0;405600 1;405600 0;406800 1;406800 0;408000 1;408000 0;409200 1;409200 0;410400 1;410400 0;411600 1;411600 0;412800 1;412800 0;414000 1;414000 0;415200 1;415200 0;416400 1;416400 0;417600 1;417600 0;418800 1;418800 0;420000 1;420000 0;421200 1;421200 0;422400 1;422400 0;423600 1;423600 0;424800 1;424800 0;426000 1;426000 0;427200 1;427200 0;428400 1;428400 0;429600 1;429600 0;430800 1;430800 0;432000 1;432000 0;433200 1;433200 0;434400 1;434400 0;435600 1;435600 0;436800 1;436800 0;438000 1;438000 0;439200 1;439200 0;440400 1;440400 0;441600 1;441600 0;442800 1;442800 0;444000 1;444000 0;445200 1;445200 0;446400 1;446400 0;447600 1;447600 0;448800 1;448800 0;450000 1;450000 0;451200 1;451200 0;452400 1;452400 0;453600 1;453600 0;454800 1;454800 0;456000 1;456000 0;457200 1;457200 0;458400 1;458400 0;459600 1;459600 0;460800 1;460800 0;462000 1;462000 0;463200 1;463200 0;464400 1;464400 0;465600 1;465600 0;466800 1;466800 0;468000 1;468000 0;469200 1;469200 0;470400 1;470400 0;471600 1;471600 0;472800 1;472800 0;474000 1;474000 0;475200 1;475200 0;476400 1;476400 0;477600 1;477600 0;478800 1;478800 0;480000 1;480000 0;481200 1;481200 0;482400 1;482400 0;483600 1;483600 0;484800 1;484800 0;486000 1;486000 0;487200 1;487200 0;488400 1;488400 0;489600 1;489600 0;490800 1;490800 0;492000 1;492000 0;493200 1;493200 0;494400 1;494400 0;495600 1;495600 0;496800 1;496800 0;498000 1;498000 0;499200 1;499200 0;500400 1;500400 0;501600 1;501600 0;502800 1;502800 0;504000 1;504000 0;505200 1;505200 0;506400 1;506400 0;507600 1;507600 0;508800 1;508800 0;510000 1;510000 0;511200 1;511200 0;512400 1;512400 0;513600 1;513600 0;514800 1;514800 0;516000 1;516000 0;517200 1;517200 0;518400 1;518400 0;519600 1;519600 0;520800 1;520800 0;522000 1;522000 0;523200 1;523200 0;524400 1;524400 0;525600 1;525600 0;526800 1;526800 0;528000 1;528000 0;529200 1;529200 0;530400 1;530400 0;531600 1;531600 0;532800 1;532800 0;534000 1;534000 0;535200 1;535200 0;536400 1;536400 0;537600 1;537600 0;538800 1;538800 0;540000 1;540000 0;541200 1;541200 0;542400 1;542400 0;543600 1;543600 0;544800 1;544800 0;546000 1;546000 0;547200 1;547200 0;548400 1;548400 0;549600 1;549600 0;550800 1;550800 0;552000 1;552000 0;553200 1;553200 0;554400 1;554400 0;555600 1;555600 0;556800 1;556800 0;558000 1;558000 0;559200 1;559200 0;560400 1;560400 0;561600 1;561600 0;562800 1;562800 0;564000 1;564000 0;565200 1;565200 0;566400 1;566400 0;567600 1;567600 0;568800 1;568800 0;570000 1;570000 0;571200 1;571200 0;572400 1;572400 0;573600 1;573600 0;574800 1;574800 0;576000 1;576000 0;577200 1;577200 0;578400 1;578400 0;579600 1;579600 0;580800 1;580800 0;582000 1;582000 0;583200 1;583200 0;584400 1;584400 0;585600 1;585600 0;586800 1;586800 0;588000 1;588000 0;589200 1;589200 0;590400 1;590400 0;591600 1;591600 0;592800 1;592800 0;594000 1;594000 0;595200 1;595200 0;596400 1;596400 0;597600 1;597600 0;598800 1;598800 0;600000 1;600000 0;601200 1;601200 0;602400 1;602400 0;603600 1;603600 0;604800 1;604800 0;606000 1;606000 0;607200 1;