vectors = struct();
vectors.landingQueue_queueTime_0 = [75600 0;76800 0;78000 0;79200 0;80400 0;81600 0;82800 0;84000 0;85200 0;86400 0;87600 0;88800 0;90000 0;91200 0;92400 0;93600 0;94800 0;96000 0;97200 0;98400 0;99600 0;100800 0;102000 0;103200 0;104400 0;105600 0;106800 0;108000 0;109200 0;110400 0;111600 0;112800 0;114000 0;115200 0;116400 0;117600 0;118800 0;120000 0;121200 0;122400 0;123600 0;124800 0;126000 0;127200 0;128400 0;129600 0;130800 0;132000 0;133200 0;134400 0;135600 0;136800 0;138000 0;139200 0;140400 0;141600 0;142800 0;144000 0;145200 0;146400 0;147600 0;148800 0;150000 0;151200 0;152400 0;153600 0;154800 0;156000 0;157200 0;158400 0;159600 0;160800 0;162000 0;163200 0;164400 0;165600 0;166800 0;168000 0;169200 0;170400 0;171600 0;172800 0;174000 0;175200 0;176400 0;177600 0;178800 0;180000 0;181200 0;182400 0;183600 0;184800 0;186000 0;187200 0;188400 0;189600 0;190800 0;192000 0;193200 0;194400 0;195600 0;196800 0;198000 0;199200 0;200400 0;201600 0;202800 0;204000 0;205200 0;206400 0;207600 0;208800 0;210000 0;211200 0;212400 0;213600 0;214800 0;216000 0;217200 0;218400 0;219600 0;220800 0;222000 0;223200 0;224400 0;225600 0;226800 0;228000 0;229200 0;230400 0;231600 0;232800 0;234000 0;235200 0;236400 0;237600 0;238800 0;240000 0;241200 0;242400 0;243600 0;244800 0;246000 0;247200 0;248400 0;249600 0;250800 0;252000 0;253200 0;254400 0;255600 0;256800 0;258000 0;259200 0;260400 0;261600 0;262800 0;264000 0;265200 0;266400 0;267600 0;268800 0;270000 0;271200 0;272400 0;273600 0;274800 0;276000 0;277200 0;278400 0;279600 0;280800 0;282000 0;283200 0;284400 0;285600 0;286800 0;288000 0;289200 0;290400 0;291600 0;292800 0;294000 0;295200 0;296400 0;297600 0;298800 0;300000 0;301200 0;302400 0;303600 0;304800 0;306000 0;307200 0;308400 0;309600 0;310800 0;312000 0;313200 0;314400 0;315600 0;316800 0;318000 0;319200 0;320400 0;321600 0;322800 0;324000 0;325200 0;326400 0;327600 0;328800 0;330000 0;331200 0;332400 0;333600 0;334800 0;336000 0;337200 0;338400 0;339600 0;340800 0;342000 0;343200 0;344400 0;345600 0;346800 0;348000 0;349200 0;350400 0;351600 0;352800 0;354000 0;355200 0;356400 0;357600 0;358800 0;360000 0;361200 0;362400 0;363600 0;364800 0;366000 0;367200 0;368400 0;369600 0;370800 0;372000 0;373200 0;374400 0;375600 0;376800 0;378000 0;379200 0;380400 0;381600 0;382800 0;384000 0;385200 0;386400 0;387600 0;388800 0;390000 0;391200 0;392400 0;393600 0;394800 0;396000 0;397200 0;398400 0;399600 0;400800 0;402000 0;403200 0;404400 0;405600 0;406800 0;408000 0;409200 0;410400 0;411600 0;412800 0;414000 0;415200 0;416400 0;417600 0;418800 0;420000 0;421200 0;422400 0;423600 0;424800 0;426000 0;427200 0;428400 0;429600 0;430800 0;432000 0;433200 0;434400 0;435600 0;436800 0;438000 0;439200 0;440400 0;441600 0;442800 0;444000 0;445200 0;446400 0;447600 0;448800 0;450000 0;451200 0;452400 0;453600 0;454800 0;456000 0;457200 0;458400 0;459600 0;460800 0;462000 0;463200 0;464400 0;465600 0;466800 0;468000 0;469200 0;470400 0;471600 0;472800 0;474000 0;475200 0;476400 0;477600 0;478800 0;480000 0;481200 0;482400 0;483600 0;484800 0;486000 0;487200 0;488400 0;489600 0;490800 0;492000 0;493200 0;494400 0;495600 0;496800 0;498000 0;499200 0;500400 0;501600 0;502800 0;504000 0;505200 0;506400 0;507600 0;508800 0;510000 0;511200 0;512400 0;513600 0;514800 0;516000 0;517200 0;518400 0;519600 0;520800 0;522000 0;523200 0;524400 0;525600 0;526800 0;528000 0;529200 0;530400 0;531600 0;532800 0;534000 0;535200 0;536400 0;537600 0;538800 0;540000 0;541200 0;542400 0;543600 0;544800 0;546000 0;547200 0;548400 0;549600 0;550800 0;552000 0;553200 0;554400 0;555600 0;556800 0;558000 0;559200 0;560400 0;561600 0;562800 0;564000 0;565200 0;566400 0;567600 0;568800 0;570000 0;571200 0;572400 0;573600 0;574800 0;576000 0;577200 0;578400 0;579600 0;580800 0;582000 0;583200 0;584400 0;585600 0;586800 0;588000 0;589200 0;590400 0;591600 0;592800 0;594000 0;595200 0;596400 0;597600 0;598800 0;600000 0;601200 0;602400 0;603600 0;604800 0;606000 0;607200 0;608400 0;609600 0;610800 0;612000 0;613200 0;614400 0;615600 0;616800 0;618000 0;619200 0;620400 0;621600 0;622800 0;624000 0;625200 0;626400 0;627600 0;628800 0;630000 0;631200 0;632400 0;633600 0;634800 0;636000 0;637200 0;638400 0;639600 0;640800 0;642000 0;643200 0;644400 0;645600 0;646800 0;648000 0;649200 0;650400 0;651600 0;652800 0;654000 0;655200 0;656400 0;657600 0;658800 0;660000 0;661200 0;662400 0;663600 0;664800 0;666000 0;667200 0;668400 0;669600 0;670800 0;672000 0;673200 0;674400 0;675600 0;676800 0;678000 0;679200 0;680400 0;681600 0;682800 0;684000 0;685200 0;686400 0;687600 0;688800 0;690000 0;691200 0;692400 0;693600 0;694800 0;696000 0;697200 0;698400 0;699600 0;700800 0;702000 0;703200 0;704400 0;705600 0;706800 0;708000 0;709200 0;710400 0;711600 0;712800 0;714000 0;715200 0;716400 0;717600 0;718800 0;720000 0;721200 0;722400 0;723600 0;724800 0;726000 0;727200 0;728400 0;729600 0;730800 0;732000 0;733200 0;734400 0;735600 0;736800 0;738000 0;739200 0;740400 0;741600 0;742800 0;744000 0;745200 0;746400 0;747600 0;748800 0;750000 0;751200 0;752400 0;753600 0;754800 0;756000 0;757200 0;758400 0;759600 0;760800 0;762000 0;763200 0;764400 0;765600 0;766800 0;768000 0;769200 0;770400 0;771600 0;772800 0;774000 0;775200 0;776400 0;777600 0;778800 0;780000 0;781200 0;782400 0;783600 0;784800 0;786000 0;787200 0;788400 0;789600 0;790800 0;792000 0;793200 0;794400 0;795600 0;796800 0;798000 0;799200 0;800400 0;801600 0;802800 0;804000 0;805200 0;806400 0;807600 0;808800 0;810000 0;811200 0;812400 0;813600 0;814800 0;816000 0;817200 0;818400 0;819600 0;820800 0;822000 0;823200 0;824400 0;825600 0;826800 0;828000 0;829200 0;830400 0;831600 0;832800 0;834000 0;835200 0;836400 0;837600 0;838800 0;840000 0;841200 0;842400 0;843600 0;844800 0;846000 0;847200 0;848400 0;849600 0;850800 0;852000 0;853200 0;854400 0;855600 0;856800 0;858000 0;859200 0;860400 0;861600 0;862800 0;864000 0;865200 0;866400 0;867600 0;868800 0;870000 0;871200 0;872400 0;873600 0;874800 0;876000 0;877200 0;878400 0;879600 0;880800 0;882000 0;883200 0;884400 0;885600 0;886800 0;888000 0;889200 0;890400 0;891600 0;892800 0;894000 0;895200 0;896400 0;897600 0;898800 0;900000 0;901200 0;902400 0;903600 0;904800 0;906000 0;907200 0;908400 0;909600 0;910800 0;912000 0;913200 0;914400 0;915600 0;916800 0;918000 0;919200 0;920400 0;921600 0;922800 0;924000 0;925200 0;926400 0;927600 0;928800 0;930000 0;931200 0;932400 0;933600 0;934800 0;936000 0;937200 0;938400 0;939600 0;940800 0;942000 0;943200 0;944400 0;945600 0;946800 0;948000 0;949200 0;950400 0;];
vectors.size = 1;
