vectors = struct();
vectors.parkingLot_parkingOccupancy_0 = [75900 3;76200 2;77100 3;77400 2;78300 3;78600 2;79500 3;79800 2;80700 3;81000 2;81900 3;82200 2;83100 3;83400 2;84300 3;84600 2;85500 3;85800 2;86700 3;87000 2;87900 3;88200 2;89100 3;89400 2;90300 3;90600 2;91500 3;91800 2;92700 3;93000 2;93900 3;94200 2;95100 3;95400 2;96300 3;96600 2;97500 3;97800 2;98700 3;99000 2;99900 3;100200 2;101100 3;101400 2;102300 3;102600 2;103500 3;103800 2;104700 3;105000 2;105900 3;106200 2;107100 3;107400 2;108300 3;108600 2;109500 3;109800 2;110700 3;111000 2;111900 3;112200 2;113100 3;113400 2;114300 3;114600 2;115500 3;115800 2;116700 3;117000 2;117900 3;118200 2;119100 3;119400 2;120300 3;120600 2;121500 3;121800 2;122700 3;123000 2;123900 3;124200 2;125100 3;125400 2;126300 3;126600 2;127500 3;127800 2;128700 3;129000 2;129900 3;130200 2;131100 3;131400 2;132300 3;132600 2;133500 3;133800 2;134700 3;135000 2;135900 3;136200 2;137100 3;137400 2;138300 3;138600 2;139500 3;139800 2;140700 3;141000 2;141900 3;142200 2;143100 3;143400 2;144300 3;144600 2;145500 3;145800 2;146700 3;147000 2;147900 3;148200 2;149100 3;149400 2;150300 3;150600 2;151500 3;151800 2;152700 3;153000 2;153900 3;154200 2;155100 3;155400 2;156300 3;156600 2;157500 3;157800 2;158700 3;159000 2;159900 3;160200 2;161100 3;161400 2;162300 3;162600 2;163500 3;163800 2;164700 3;165000 2;165900 3;166200 2;167100 3;167400 2;168300 3;168600 2;169500 3;169800 2;170700 3;171000 2;171900 3;172200 2;173100 3;173400 2;174300 3;174600 2;175500 3;175800 2;176700 3;177000 2;177900 3;178200 2;179100 3;179400 2;180300 3;180600 2;181500 3;181800 2;182700 3;183000 2;183900 3;184200 2;185100 3;185400 2;186300 3;186600 2;187500 3;187800 2;188700 3;189000 2;189900 3;190200 2;191100 3;191400 2;192300 3;192600 2;193500 3;193800 2;194700 3;195000 2;195900 3;196200 2;197100 3;197400 2;198300 3;198600 2;199500 3;199800 2;200700 3;201000 2;201900 3;202200 2;203100 3;203400 2;204300 3;204600 2;205500 3;205800 2;206700 3;207000 2;207900 3;208200 2;209100 3;209400 2;210300 3;210600 2;211500 3;211800 2;212700 3;213000 2;213900 3;214200 2;215100 3;215400 2;216300 3;216600 2;217500 3;217800 2;218700 3;219000 2;219900 3;220200 2;221100 3;221400 2;222300 3;222600 2;223500 3;223800 2;224700 3;225000 2;225900 3;226200 2;227100 3;227400 2;228300 3;228600 2;229500 3;229800 2;230700 3;231000 2;231900 3;232200 2;233100 3;233400 2;234300 3;234600 2;235500 3;235800 2;236700 3;237000 2;237900 3;238200 2;239100 3;239400 2;240300 3;240600 2;241500 3;241800 2;242700 3;243000 2;243900 3;244200 2;245100 3;245400 2;246300 3;246600 2;247500 3;247800 2;248700 3;249000 2;249900 3;250200 2;251100 3;251400 2;252300 3;252600 2;253500 3;253800 2;254700 3;255000 2;255900 3;256200 2;257100 3;257400 2;258300 3;258600 2;259500 3;259800 2;260700 3;261000 2;261900 3;262200 2;263100 3;263400 2;264300 3;264600 2;265500 3;265800 2;266700 3;267000 2;267900 3;268200 2;269100 3;269400 2;270300 3;270600 2;271500 3;271800 2;272700 3;273000 2;273900 3;274200 2;275100 3;275400 2;276300 3;276600 2;277500 3;277800 2;278700 3;279000 2;279900 3;280200 2;281100 3;281400 2;282300 3;282600 2;283500 3;283800 2;284700 3;285000 2;285900 3;286200 2;287100 3;287400 2;288300 3;288600 2;289500 3;289800 2;290700 3;291000 2;291900 3;292200 2;293100 3;293400 2;294300 3;294600 2;295500 3;295800 2;296700 3;297000 2;297900 3;298200 2;299100 3;299400 2;300300 3;300600 2;301500 3;301800 2;302700 3;303000 2;303900 3;304200 2;305100 3;305400 2;306300 3;306600 2;307500 3;307800 2;308700 3;309000 2;309900 3;310200 2;311100 3;311400 2;312300 3;312600 2;313500 3;313800 2;314700 3;315000 2;315900 3;316200 2;317100 3;317400 2;318300 3;318600 2;319500 3;319800 2;320700 3;321000 2;321900 3;322200 2;323100 3;323400 2;324300 3;324600 2;325500 3;325800 2;326700 3;327000 2;327900 3;328200 2;329100 3;329400 2;330300 3;330600 2;331500 3;331800 2;332700 3;333000 2;333900 3;334200 2;335100 3;335400 2;336300 3;336600 2;337500 3;337800 2;338700 3;339000 2;339900 3;340200 2;341100 3;341400 2;342300 3;342600 2;343500 3;343800 2;344700 3;345000 2;345900 3;346200 2;347100 3;347400 2;348300 3;348600 2;349500 3;349800 2;350700 3;351000 2;351900 3;352200 2;353100 3;353400 2;354300 3;354600 2;355500 3;355800 2;356700 3;357000 2;357900 3;358200 2;359100 3;359400 2;360300 3;360600 2;361500 3;361800 2;362700 3;363000 2;363900 3;364200 2;365100 3;365400 2;366300 3;366600 2;367500 3;367800 2;368700 3;369000 2;369900 3;370200 2;371100 3;371400 2;372300 3;372600 2;373500 3;373800 2;374700 3;375000 2;375900 3;376200 2;377100 3;377400 2;378300 3;378600 2;379500 3;379800 2;380700 3;381000 2;381900 3;382200 2;383100 3;383400 2;384300 3;384600 2;385500 3;385800 2;386700 3;387000 2;387900 3;388200 2;389100 3;389400 2;390300 3;390600 2;391500 3;391800 2;392700 3;393000 2;393900 3;394200 2;395100 3;395400 2;396300 3;396600 2;397500 3;397800 2;398700 3;399000 2;399900 3;400200 2;401100 3;401400 2;402300 3;402600 2;403500 3;403800 2;404700 3;405000 2;405900 3;406200 2;407100 3;407400 2;408300 3;408600 2;409500 3;409800 2;410700 3;411000 2;411900 3;412200 2;413100 3;413400 2;414300 3;414600 2;415500 3;415800 2;416700 3;417000 2;417900 3;418200 2;419100 3;419400 2;420300 3;420600 2;421500 3;421800 2;422700 3;423000 2;423900 3;424200 2;425100 3;425400 2;426300 3;426600 2;427500 3;427800 2;428700 3;429000 2;429900 3;430200 2;431100 3;431400 2;432300 3;432600 2;433500 3;433800 2;434700 3;435000 2;435900 3;436200 2;437100 3;437400 2;438300 3;438600 2;439500 3;439800 2;440700 3;441000 2;441900 3;442200 2;443100 3;443400 2;444300 3;444600 2;445500 3;445800 2;446700 3;447000 2;447900 3;448200 2;449100 3;449400 2;450300 3;450600 2;451500 3;451800 2;452700 3;453000 2;453900 3;454200 2;455100 3;455400 2;456300 3;456600 2;457500 3;457800 2;458700 3;459000 2;459900 3;460200 2;461100 3;461400 2;462300 3;462600 2;463500 3;463800 2;464700 3;465000 2;465900 3;466200 2;467100 3;467400 2;468300 3;468600 2;469500 3;469800 2;470700 3;471000 2;471900 3;472200 2;473100 3;473400 2;474300 3;474600 2;475500 3;475800 2;476700 3;477000 2;477900 3;478200 2;479100 3;479400 2;480300 3;480600 2;481500 3;481800 2;482700 3;483000 2;483900 3;484200 2;485100 3;485400 2;486300 3;486600 2;487500 3;487800 2;488700 3;489000 2;489900 3;490200 2;491100 3;491400 2;492300 3;492600 2;493500 3;493800 2;494700 3;495000 2;495900 3;496200 2;497100 3;497400 2;498300 3;498600 2;499500 3;499800 2;500700 3;501000 2;501900 3;502200 2;503100 3;503400 2;504300 3;504600 2;505500 3;505800 2;506700 3;507000 2;507900 3;508200 2;509100 3;509400 2;510300 3;510600 2;511500 3;511800 2;512700 3;513000 2;513900 3;514200 2;515100 3;515400 2;516300 3;516600 2;517500 3;517800 2;518700 3;519000 2;519900 3;520200 2;521100 3;521400 2;522300 3;522600 2;523500 3;523800 2;524700 3;525000 2;525900 3;526200 2;527100 3;527400 2;528300 3;528600 2;529500 3;529800 2;530700 3;531000 2;531900 3;532200 2;533100 3;533400 2;534300 3;534600 2;535500 3;535800 2;536700 3;537000 2;537900 3;538200 2;539100 3;539400 2;540300 3;540600 2;541500 3;541800 2;542700 3;543000 2;543900 3;544200 2;545100 3;545400 2;546300 3;546600 2;547500 3;547800 2;548700 3;549000 2;549900 3;550200 2;551100 3;551400 2;552300 3;552600 2;553500 3;553800 2;554700 3;555000 2;555900 3;556200 2;557100 3;557400 2;558300 3;558600 2;559500 3;559800 2;560700 3;561000 2;561900 3;562200 2;563100 3;563400 2;564300 3;564600 2;565500 3;565800 2;566700 3;567000 2;567900 3;568200 2;569100 3;569400 2;570300 3;570600 2;571500 3;571800 2;572700 3;573000 2;573900 3;574200 2;575100 3;575400 2;576300 3;576600 2;577500 3;577800 2;578700 3;579000 2;579900 3;580200 2;581100 3;581400 2;582300 3;582600 2;583500 3;583800 2;584700 3;585000 2;585900 3;586200 2;587100 3;587400 2;588300 3;588600 2;589500 3;589800 2;590700 3;591000 2;591900 3;592200 2;593100 3;593400 2;594300 3;594600 2;595500 3;595800 2;596700 3;597000 2;597900 3;598200 2;599100 3;599400 2;600300 3;600600 2;601500 3;601800 2;602700 3;603000 2;603900 3;604200 2;605100 3;605400 2;606300 3;606600 2;