vectors = struct();
vectors.takeoffQueue_queueLength_0 = [76200 1;76200 0;77400 1;77400 0;78600 1;78600 0;79800 1;79800 0;81000 1;81000 0;82200 1;82200 0;83400 1;83400 0;84600 1;84600 0;85800 1;85800 0;87000 1;87000 0;88200 1;88200 0;89400 1;89400 0;90600 1;90600 0;91800 1;91800 0;93000 1;93000 0;94200 1;94200 0;95400 1;95400 0;96600 1;96600 0;97800 1;97800 0;99000 1;99000 0;100200 1;100200 0;101400 1;101400 0;102600 1;102600 0;103800 1;103800 0;105000 1;105000 0;106200 1;106200 0;107400 1;107400 0;108600 1;108600 0;109800 1;109800 0;111000 1;111000 0;112200 1;112200 0;113400 1;113400 0;114600 1;114600 0;115800 1;115800 0;117000 1;117000 0;118200 1;118200 0;119400 1;119400 0;120600 1;120600 0;121800 1;121800 0;123000 1;123000 0;124200 1;124200 0;125400 1;125400 0;126600 1;126600 0;127800 1;127800 0;129000 1;129000 0;130200 1;130200 0;131400 1;131400 0;132600 1;132600 0;133800 1;133800 0;135000 1;135000 0;136200 1;136200 0;137400 1;137400 0;138600 1;138600 0;139800 1;139800 0;141000 1;141000 0;142200 1;142200 0;143400 1;143400 0;144600 1;144600 0;145800 1;145800 0;147000 1;147000 0;148200 1;148200 0;149400 1;149400 0;150600 1;150600 0;151800 1;151800 0;153000 1;153000 0;154200 1;154200 0;155400 1;155400 0;156600 1;156600 0;157800 1;157800 0;159000 1;159000 0;160200 1;160200 0;161400 1;161400 0;162600 1;162600 0;163800 1;163800 0;165000 1;165000 0;166200 1;166200 0;167400 1;167400 0;168600 1;168600 0;169800 1;169800 0;171000 1;171000 0;172200 1;172200 0;173400 1;173400 0;174600 1;174600 0;175800 1;175800 0;177000 1;177000 0;178200 1;178200 0;179400 1;179400 0;180600 1;180600 0;181800 1;181800 0;183000 1;183000 0;184200 1;184200 0;185400 1;185400 0;186600 1;186600 0;187800 1;187800 0;189000 1;189000 0;190200 1;190200 0;191400 1;191400 0;192600 1;192600 0;193800 1;193800 0;195000 1;195000 0;196200 1;196200 0;197400 1;197400 0;198600 1;198600 0;199800 1;199800 0;201000 1;201000 0;202200 1;202200 0;203400 1;203400 0;204600 1;204600 0;205800 1;205800 0;207000 1;207000 0;208200 1;208200 0;209400 1;209400 0;210600 1;210600 0;211800 1;211800 0;213000 1;213000 0;214200 1;214200 0;215400 1;215400 0;216600 1;216600 0;217800 1;217800 0;219000 1;219000 0;220200 1;220200 0;221400 1;221400 0;222600 1;222600 0;223800 1;223800 0;225000 1;225000 0;226200 1;226200 0;227400 1;227400 0;228600 1;228600 0;229800 1;229800 0;231000 1;231000 0;232200 1;232200 0;233400 1;233400 0;234600 1;234600 0;235800 1;235800 0;237000 1;237000 0;238200 1;238200 0;239400 1;239400 0;240600 1;240600 0;241800 1;241800 0;243000 1;243000 0;244200 1;244200 0;245400 1;245400 0;246600 1;246600 0;247800 1;247800 0;249000 1;249000 0;250200 1;250200 0;251400 1;251400 0;252600 1;252600 0;253800 1;253800 0;255000 1;255000 0;256200 1;256200 0;257400 1;257400 0;258600 1;258600 0;259800 1;259800 0;261000 1;261000 0;262200 1;262200 0;263400 1;263400 0;264600 1;264600 0;265800 1;265800 0;267000 1;267000 0;268200 1;268200 0;269400 1;269400 0;270600 1;270600 0;271800 1;271800 0;273000 1;273000 0;274200 1;274200 0;275400 1;275400 0;276600 1;276600 0;277800 1;277800 0;279000 1;279000 0;280200 1;280200 0;281400 1;281400 0;282600 1;282600 0;283800 1;283800 0;285000 1;285000 0;286200 1;286200 0;287400 1;287400 0;288600 1;288600 0;289800 1;289800 0;291000 1;291000 0;292200 1;292200 0;293400 1;293400 0;294600 1;294600 0;295800 1;295800 0;297000 1;297000 0;298200 1;298200 0;299400 1;299400 0;300600 1;300600 0;301800 1;301800 0;303000 1;303000 0;304200 1;304200 0;305400 1;305400 0;306600 1;306600 0;307800 1;307800 0;309000 1;309000 0;310200 1;310200 0;311400 1;311400 0;312600 1;312600 0;313800 1;313800 0;315000 1;315000 0;316200 1;316200 0;317400 1;317400 0;318600 1;318600 0;319800 1;319800 0;321000 1;321000 0;322200 1;322200 0;323400 1;323400 0;324600 1;324600 0;325800 1;325800 0;327000 1;327000 0;328200 1;328200 0;329400 1;329400 0;330600 1;330600 0;331800 1;331800 0;333000 1;333000 0;334200 1;334200 0;335400 1;335400 0;336600 1;336600 0;337800 1;337800 0;339000 1;339000 0;340200 1;340200 0;341400 1;341400 0;342600 1;342600 0;343800 1;343800 0;345000 1;345000 0;346200 1;346200 0;347400 1;347400 0;348600 1;348600 0;349800 1;349800 0;351000 1;351000 0;352200 1;352200 0;353400 1;353400 0;354600 1;354600 0;355800 1;355800 0;357000 1;357000 0;358200 1;358200 0;359400 1;359400 0;360600 1;360600 0;361800 1;361800 0;363000 1;363000 0;364200 1;364200 0;365400 1;365400 0;366600 1;366600 0;367800 1;367800 0;369000 1;369000 0;370200 1;370200 0;371400 1;371400 0;372600 1;372600 0;373800 1;373800 0;375000 1;375000 0;376200 1;376200 0;377400 1;377400 0;378600 1;378600 0;379800 1;379800 0;381000 1;381000 0;382200 1;382200 0;383400 1;383400 0;384600 1;384600 0;385800 1;385800 0;387000 1;387000 0;388200 1;388200 0;389400 1;389400 0;390600 1;390600 0;391800 1;391800 0;393000 1;393000 0;394200 1;394200 0;395400 1;395400 0;396600 1;396600 0;397800 1;397800 0;399000 1;399000 0;400200 1;400200 0;401400 1;401400 0;402600 1;402600 0;403800 1;403800 0;405000 1;405000 0;406200 1;406200 0;407400 1;407400 0;408600 1;408600 0;409800 1;409800 0;411000 1;411000 0;412200 1;412200 0;413400 1;413400 0;414600 1;414600 0;415800 1;415800 0;417000 1;417000 0;418200 1;418200 0;419400 1;419400 0;420600 1;420600 0;421800 1;421800 0;423000 1;423000 0;424200 1;424200 0;425400 1;425400 0;426600 1;426600 0;427800 1;427800 0;429000 1;429000 0;430200 1;430200 0;431400 1;431400 0;432600 1;432600 0;433800 1;433800 0;435000 1;435000 0;436200 1;436200 0;437400 1;437400 0;438600 1;438600 0;439800 1;439800 0;441000 1;441000 0;442200 1;442200 0;443400 1;443400 0;444600 1;444600 0;445800 1;445800 0;447000 1;447000 0;448200 1;448200 0;449400 1;449400 0;450600 1;450600 0;451800 1;451800 0;453000 1;453000 0;454200 1;454200 0;455400 1;455400 0;456600 1;456600 0;457800 1;457800 0;459000 1;459000 0;460200 1;460200 0;461400 1;461400 0;462600 1;462600 0;463800 1;463800 0;465000 1;465000 0;466200 1;466200 0;467400 1;467400 0;468600 1;468600 0;469800 1;469800 0;471000 1;471000 0;472200 1;472200 0;473400 1;473400 0;474600 1;474600 0;475800 1;475800 0;477000 1;477000 0;478200 1;478200 0;479400 1;479400 0;480600 1;480600 0;481800 1;481800 0;483000 1;483000 0;484200 1;484200 0;485400 1;485400 0;486600 1;486600 0;487800 1;487800 0;489000 1;489000 0;490200 1;490200 0;491400 1;491400 0;492600 1;492600 0;493800 1;493800 0;495000 1;495000 0;496200 1;496200 0;497400 1;497400 0;498600 1;498600 0;499800 1;499800 0;501000 1;501000 0;502200 1;502200 0;503400 1;503400 0;504600 1;504600 0;505800 1;505800 0;507000 1;507000 0;508200 1;508200 0;509400 1;509400 0;510600 1;510600 0;511800 1;511800 0;513000 1;513000 0;514200 1;514200 0;515400 1;515400 0;516600 1;516600 0;517800 1;517800 0;519000 1;519000 0;520200 1;520200 0;521400 1;521400 0;522600 1;522600 0;523800 1;523800 0;525000 1;525000 0;526200 1;526200 0;527400 1;527400 0;528600 1;528600 0;529800 1;529800 0;531000 1;531000 0;532200 1;532200 0;533400 1;533400 0;534600 1;534600 0;535800 1;535800 0;537000 1;537000 0;538200 1;538200 0;539400 1;539400 0;540600 1;540600 0;541800 1;541800 0;543000 1;543000 0;544200 1;544200 0;545400 1;545400 0;546600 1;546600 0;547800 1;547800 0;549000 1;549000 0;550200 1;550200 0;551400 1;551400 0;552600 1;552600 0;553800 1;553800 0;555000 1;555000 0;556200 1;556200 0;557400 1;557400 0;558600 1;558600 0;559800 1;559800 0;561000 1;561000 0;562200 1;562200 0;563400 1;563400 0;564600 1;564600 0;565800 1;565800 0;567000 1;567000 0;568200 1;568200 0;569400 1;569400 0;570600 1;570600 0;571800 1;571800 0;573000 1;573000 0;574200 1;574200 0;575400 1;575400 0;576600 1;576600 0;577800 1;577800 0;579000 1;579000 0;580200 1;580200 0;581400 1;581400 0;582600 1;582600 0;583800 1;583800 0;585000 1;585000 0;586200 1;586200 0;587400 1;587400 0;588600 1;588600 0;589800 1;589800 0;591000 1;591000 0;592200 1;592200 0;593400 1;593400 0;594600 1;594600 0;595800 1;595800 0;597000 1;597000 0;598200 1;598200 0;599400 1;599400 0;600600 1;600600 0;601800 1;601800 0;603000 1;603000 0;604200 1;604200 0;605400 1;605400 0;606600 1;606600 0;607800 