vectors = struct();
vectors.takeoffQueue_queueTime_0 = [76200 0;77400 0;78600 0;79800 0;81000 0;82200 0;83400 0;84600 0;85800 0;87000 0;88200 0;89400 0;90600 0;91800 0;93000 0;94200 0;95400 0;96600 0;97800 0;99000 0;100200 0;101400 0;102600 0;103800 0;105000 0;106200 0;107400 0;108600 0;109800 0;111000 0;112200 0;113400 0;114600 0;115800 0;117000 0;118200 0;119400 0;120600 0;121800 0;123000 0;124200 0;125400 0;126600 0;127800 0;129000 0;130200 0;131400 0;132600 0;133800 0;135000 0;136200 0;137400 0;138600 0;139800 0;141000 0;142200 0;143400 0;144600 0;145800 0;147000 0;148200 0;149400 0;150600 0;151800 0;153000 0;154200 0;155400 0;156600 0;157800 0;159000 0;160200 0;161400 0;162600 0;163800 0;165000 0;166200 0;167400 0;168600 0;169800 0;171000 0;172200 0;173400 0;174600 0;175800 0;177000 0;178200 0;179400 0;180600 0;181800 0;183000 0;184200 0;185400 0;186600 0;187800 0;189000 0;190200 0;191400 0;192600 0;193800 0;195000 0;196200 0;197400 0;198600 0;199800 0;201000 0;202200 0;203400 0;204600 0;205800 0;207000 0;208200 0;209400 0;210600 0;211800 0;213000 0;214200 0;215400 0;216600 0;217800 0;219000 0;220200 0;221400 0;222600 0;223800 0;225000 0;226200 0;227400 0;228600 0;229800 0;231000 0;232200 0;233400 0;234600 0;235800 0;237000 0;238200 0;239400 0;240600 0;241800 0;243000 0;244200 0;245400 0;246600 0;247800 0;249000 0;250200 0;251400 0;252600 0;253800 0;255000 0;256200 0;257400 0;258600 0;259800 0;261000 0;262200 0;263400 0;264600 0;265800 0;267000 0;268200 0;269400 0;270600 0;271800 0;273000 0;274200 0;275400 0;276600 0;277800 0;279000 0;280200 0;281400 0;282600 0;283800 0;285000 0;286200 0;287400 0;288600 0;289800 0;291000 0;292200 0;293400 0;294600 0;295800 0;297000 0;298200 0;299400 0;300600 0;301800 0;303000 0;304200 0;305400 0;306600 0;307800 0;309000 0;310200 0;311400 0;312600 0;313800 0;315000 0;316200 0;317400 0;318600 0;319800 0;321000 0;322200 0;323400 0;324600 0;325800 0;327000 0;328200 0;329400 0;330600 0;331800 0;333000 0;334200 0;335400 0;336600 0;337800 0;339000 0;340200 0;341400 0;342600 0;343800 0;345000 0;346200 0;347400 0;348600 0;349800 0;351000 0;352200 0;353400 0;354600 0;355800 0;357000 0;358200 0;359400 0;360600 0;361800 0;363000 0;364200 0;365400 0;366600 0;367800 0;369000 0;370200 0;371400 0;372600 0;373800 0;375000 0;376200 0;377400 0;378600 0;379800 0;381000 0;382200 0;383400 0;384600 0;385800 0;387000 0;388200 0;389400 0;390600 0;391800 0;393000 0;394200 0;395400 0;396600 0;397800 0;399000 0;400200 0;401400 0;402600 0;403800 0;405000 0;406200 0;407400 0;408600 0;409800 0;411000 0;412200 0;413400 0;414600 0;415800 0;417000 0;418200 0;419400 0;420600 0;421800 0;423000 0;424200 0;425400 0;426600 0;427800 0;429000 0;430200 0;431400 0;432600 0;433800 0;435000 0;436200 0;437400 0;438600 0;439800 0;441000 0;442200 0;443400 0;444600 0;445800 0;447000 0;448200 0;449400 0;450600 0;451800 0;453000 0;454200 0;455400 0;456600 0;457800 0;459000 0;460200 0;461400 0;462600 0;463800 0;465000 0;466200 0;467400 0;468600 0;469800 0;471000 0;472200 0;473400 0;474600 0;475800 0;477000 0;478200 0;479400 0;480600 0;481800 0;483000 0;484200 0;485400 0;486600 0;487800 0;489000 0;490200 0;491400 0;492600 0;493800 0;495000 0;496200 0;497400 0;498600 0;499800 0;501000 0;502200 0;503400 0;504600 0;505800 0;507000 0;508200 0;509400 0;510600 0;511800 0;513000 0;514200 0;515400 0;516600 0;517800 0;519000 0;520200 0;521400 0;522600 0;523800 0;525000 0;526200 0;527400 0;528600 0;529800 0;531000 0;532200 0;533400 0;534600 0;535800 0;537000 0;538200 0;539400 0;540600 0;541800 0;543000 0;544200 0;545400 0;546600 0;547800 0;549000 0;550200 0;551400 0;552600 0;553800 0;555000 0;556200 0;557400 0;558600 0;559800 0;561000 0;562200 0;563400 0;564600 0;565800 0;567000 0;568200 0;569400 0;570600 0;571800 0;573000 0;574200 0;575400 0;576600 0;577800 0;579000 0;580200 0;581400 0;582600 0;583800 0;585000 0;586200 0;587400 0;588600 0;589800 0;591000 0;592200 0;593400 0;594600 0;595800 0;597000 0;598200 0;599400 0;600600 0;601800 0;603000 0;604200 0;605400 0;606600 0;607800 0;609000 0;610200 0;611400 0;612600 0;613800 0;615000 0;616200 0;617400 0;618600 0;619800 0;621000 0;622200 0;623400 0;624600 0;625800 0;627000 0;628200 0;629400 0;630600 0;631800 0;633000 0;634200 0;635400 0;636600 0;637800 0;639000 0;640200 0;641400 0;642600 0;643800 0;645000 0;646200 0;647400 0;648600 0;649800 0;651000 0;652200 0;653400 0;654600 0;655800 0;657000 0;658200 0;659400 0;660600 0;661800 0;663000 0;664200 0;665400 0;666600 0;667800 0;669000 0;670200 0;671400 0;672600 0;673800 0;675000 0;676200 0;677400 0;678600 0;679800 0;681000 0;682200 0;683400 0;684600 0;685800 0;687000 0;688200 0;689400 0;690600 0;691800 0;693000 0;694200 0;695400 0;696600 0;697800 0;699000 0;700200 0;701400 0;702600 0;703800 0;705000 0;706200 0;707400 0;708600 0;709800 0;711000 0;712200 0;713400 0;714600 0;715800 0;717000 0;718200 0;719400 0;720600 0;721800 0;723000 0;724200 0;725400 0;726600 0;727800 0;729000 0;730200 0;731400 0;732600 0;733800 0;735000 0;736200 0;737400 0;738600 0;739800 0;741000 0;742200 0;743400 0;744600 0;745800 0;747000 0;748200 0;749400 0;750600 0;751800 0;753000 0;754200 0;755400 0;756600 0;757800 0;759000 0;760200 0;761400 0;762600 0;763800 0;765000 0;766200 0;767400 0;768600 0;769800 0;771000 0;772200 0;773400 0;774600 0;775800 0;777000 0;778200 0;779400 0;780600 0;781800 0;783000 0;784200 0;785400 0;786600 0;787800 0;789000 0;790200 0;791400 0;792600 0;793800 0;795000 0;796200 0;797400 0;798600 0;799800 0;801000 0;802200 0;803400 0;804600 0;805800 0;807000 0;808200 0;809400 0;810600 0;811800 0;813000 0;814200 0;815400 0;816600 0;817800 0;819000 0;820200 0;821400 0;822600 0;823800 0;825000 0;826200 0;827400 0;828600 0;829800 0;831000 0;832200 0;833400 0;834600 0;835800 0;837000 0;838200 0;839400 0;840600 0;841800 0;843000 0;844200 0;845400 0;846600 0;847800 0;849000 0;850200 0;851400 0;852600 0;853800 0;855000 0;856200 0;857400 0;858600 0;859800 0;861000 0;862200 0;863400 0;864600 0;865800 0;867000 0;868200 0;869400 0;870600 0;871800 0;873000 0;874200 0;875400 0;876600 0;877800 0;879000 0;880200 0;881400 0;882600 0;883800 0;885000 0;886200 0;887400 0;888600 0;889800 0;891000 0;892200 0;893400 0;894600 0;895800 0;897000 0;898200 0;899400 0;900600 0;901800 0;903000 0;904200 0;905400 0;906600 0;907800 0;909000 0;910200 0;911400 0;912600 0;913800 0;915000 0;916200 0;917400 0;918600 0;919800 0;921000 0;922200 0;923400 0;924600 0;925800 0;927000 0;928200 0;929400 0;930600 0;931800 0;933000 0;934200 0;935400 0;936600 0;937800 0;939000 0;940200 0;941400 0;942600 0;943800 0;945000 0;946200 0;947400 0;948600 0;949800 0;];
vectors.size = 1;
