vectors = struct();
vectors.landingQueue_queueTime_0 = [45332.88 0;45999.54 0;46666.2 0;47332.86 0;47999.52 0;48666.18 0;49332.84 0;49999.5 0;50666.16 0;51332.82 0;51999.48 0;52666.14 0;53332.8 0;53999.46 0;54666.12 0;55332.78 0;55999.44 0;56666.1 0;57332.76 0;57999.42 0;58666.08 0;59332.74 0;59999.4 0;60666.06 0;61332.72 0;61999.38 0;62666.04 0;63332.7 0;63999.36 0;64666.02 0;65332.68 0;65999.34 0;66666 0;67332.66 0;67999.32 0;68665.98 0;69332.64 0;69999.3 0;70665.96 0;71332.62 0;71999.28 0;72665.94 0;73332.6 0;73999.26 0;74665.92 0;75332.58 0;75999.24 0;76665.9 0;77332.56 0;77999.22 0;78665.88 0;79332.54 0;79999.2 0;80665.86 0;81332.52 0;81999.18 0;82665.84 0;83332.5 0;83999.16 0;84665.82 0;85332.48 0;85999.14 0;86665.8 0;87332.46 0;87999.12 0;88665.78 0;89332.44 0;89999.1 0;90665.76 0;91332.42 0;91999.08 0;92665.74 0;93332.4 0;93999.06 0;94665.72 0;95332.38 0;95999.04 0;96665.7 0;97332.36 0;97999.02 0;98665.68 0;99332.34 0;99999 0;100665.66 0;101332.32 0;101998.98 0;102665.64 0;103332.3 0;103998.96 0;104665.62 0;105332.28 0;105998.94 0;106665.6 0;107332.26 0;107998.92 0;108665.58 0;109332.24 0;109998.9 0;110665.56 0;111332.22 0;111998.88 0;112665.54 0;113332.2 0;113998.86 0;114665.52 0;115332.18 0;115998.84 0;116665.5 0;117332.16 0;117998.82 0;118665.48 0;119332.14 0;119998.8 0;120665.46 0;121332.12 0;121998.78 0;122665.44 0;123332.1 0;123998.76 0;124665.42 0;125332.08 0;125998.74 0;126665.4 0;127332.06 0;127998.72 0;128665.38 0;129332.04 0;129998.7 0;130665.36 0;131332.02 0;131998.68 0;132665.34 0;133332 0;133998.66 0;134665.32 0;135331.98 0;135998.64 0;136665.3 0;137331.96 0;137998.62 0;138665.28 0;139331.94 0;139998.6 0;140665.26 0;141331.92 0;141998.58 0;142665.24 0;143331.9 0;143998.56 0;144665.22 0;145331.88 0;145998.54 0;146665.2 0;147331.86 0;147998.52 0;148665.18 0;149331.84 0;149998.5 0;150665.16 0;151331.82 0;151998.48 0;152665.14 0;153331.8 0;153998.46 0;154665.12 0;155331.78 0;155998.44 0;156665.1 0;157331.76 0;157998.42 0;158665.08 0;159331.74 0;159998.4 0;160665.06 0;161331.72 0;161998.38 0;162665.04 0;163331.7 0;163998.36 0;164665.02 0;165331.68 0;165998.34 0;166665 0;167331.66 0;167998.32 0;168664.98 0;169331.64 0;169998.3 0;170664.96 0;171331.62 0;171998.28 0;172664.94 0;173331.6 0;173998.26 0;174664.92 0;175331.58 0;175998.24 0;176664.9 0;177331.56 0;177998.22 0;178664.88 0;179331.54 0;179998.2 0;180664.86 0;181331.52 0;181998.18 0;182664.84 0;183331.5 0;183998.16 0;184664.82 0;185331.48 0;185998.14 0;186664.8 0;187331.46 0;187998.12 0;188664.78 0;189331.44 0;189998.1 0;190664.76 0;191331.42 0;191998.08 0;192664.74 0;193331.4 0;193998.06 0;194664.72 0;195331.38 0;195998.04 0;196664.7 0;197331.36 0;197998.02 0;198664.68 0;199331.34 0;199998 0;200664.66 0;201331.32 0;201997.98 0;202664.64 0;203331.3 0;203997.96 0;204664.62 0;205331.28 0;205997.94 0;206664.6 0;207331.26 0;207997.92 0;208664.58 0;209331.24 0;209997.9 0;210664.56 0;211331.22 0;211997.88 0;212664.54 0;213331.2 0;213997.86 0;214664.52 0;215331.18 0;215997.84 0;216664.5 0;217331.16 0;217997.82 0;218664.48 0;219331.14 0;219997.8 0;220664.46 0;221331.12 0;221997.78 0;222664.44 0;223331.1 0;223997.76 0;224664.42 0;225331.08 0;225997.74 0;226664.4 0;227331.06 0;227997.72 0;228664.38 0;229331.04 0;229997.7 0;230664.36 0;231331.02 0;231997.68 0;232664.34 0;233331 0;233997.66 0;234664.32 0;235330.98 0;235997.64 0;236664.3 0;237330.96 0;237997.62 0;238664.28 0;239330.94 0;239997.6 0;240664.26 0;241330.92 0;241997.58 0;242664.24 0;243330.9 0;243997.56 0;244664.22 0;245330.88 0;245997.54 0;246664.2 0;247330.86 0;247997.52 0;248664.18 0;249330.84 0;249997.5 0;250664.16 0;251330.82 0;251997.48 0;252664.14 0;253330.8 0;253997.46 0;254664.12 0;255330.78 0;255997.44 0;256664.1 0;257330.76 0;257997.42 0;258664.08 0;259330.74 0;259997.4 0;260664.06 0;261330.72 0;261997.38 0;262664.04 0;263330.7 0;263997.36 0;264664.02 0;265330.68 0;265997.34 0;266664 0;267330.66 0;267997.32 0;268663.98 0;269330.64 0;269997.3 0;270663.96 0;271330.62 0;271997.28 0;272663.94 0;273330.6 0;273997.26 0;274663.92 0;275330.58 0;275997.24 0;276663.9 0;277330.56 0;277997.22 0;278663.88 0;279330.54 0;279997.2 0;280663.86 0;281330.52 0;281997.18 0;282663.84 0;283330.5 0;283997.16 0;284663.82 0;285330.48 0;285997.14 0;286663.8 0;287330.46 0;287997.12 0;288663.78 0;289330.44 0;289997.1 0;290663.76 0;291330.42 0;291997.08 0;292663.74 0;293330.4 0;293997.06 0;294663.72 0;295330.38 0;295997.04 0;296663.7 0;297330.36 0;297997.02 0;298663.68 0;299330.34 0;299997 0;300663.66 0;301330.32 0;301996.98 0;302663.64 0;303330.3 0;303996.96 0;304663.62 0;305330.28 0;305996.94 0;306663.6 0;307330.26 0;307996.92 0;308663.58 0;309330.24 0;309996.9 0;310663.56 0;311330.22 0;311996.88 0;312663.54 0;313330.2 0;313996.86 0;314663.52 0;315330.18 0;315996.84 0;316663.5 0;317330.16 0;317996.82 0;318663.48 0;319330.14 0;319996.8 0;320663.46 0;321330.12 0;321996.78 0;322663.44 0;323330.1 0;323996.76 0;324663.42 0;325330.08 0;325996.74 0;326663.4 0;327330.06 0;327996.72 0;328663.38 0;329330.04 0;329996.7 0;330663.36 0;331330.02 0;331996.68 0;332663.34 0;333330 0;333996.66 0;334663.32 0;335329.98 0;335996.64 0;336663.3 0;337329.96 0;337996.62 0;338663.28 0;339329.94 0;339996.6 0;340663.26 0;341329.92 0;341996.58 0;342663.24 0;343329.9 0;343996.56 0;344663.22 0;345329.88 0;345996.54 0;346663.2 0;347329.86 0;347996.52 0;348663.18 0;349329.84 0;349996.5 0;350663.16 0;351329.82 0;351996.48 0;352663.14 0;353329.8 0;353996.46 0;354663.12 0;355329.78 0;355996.44 0;356663.1 0;357329.76 0;357996.42 0;358663.08 0;359329.74 0;359996.4 0;360663.06 0;361329.72 0;361996.38 0;362663.04 0;363329.7 0;363996.36 0;364663.02 0;365329.68 0;365996.34 0;366663 0;367329.66 0;367996.32 0;368662.98 0;369329.64 0;369996.3 0;370662.96 0;371329.62 0;371996.28 0;372662.94 0;373329.6 0;373996.26 0;374662.92 0;375329.58 0;375996.24 0;376662.9 0;377329.56 0;377996.22 0;378662.88 0;379329.54 0;379996.2 0;380662.86 0;381329.52 0;381996.18 0;382662.84 0;383329.5 0;383996.16 0;384662.82 0;385329.48 0;385996.14 0;386662.8 0;387329.46 0;387996.12 0;388662.78 0;389329.44 0;389996.1 0;390662.76 0;391329.42 0;391996.08 0;392662.74 0;393329.4 0;393996.06 0;394662.72 0;395329.38 0;395996.04 0;396662.7 0;397329.36 0;397996.02 0;398662.68 0;399329.34 0;399996 0;400662.66 0;401329.32 0;401995.98 0;402662.64 0;403329.3 0;403995.96 0;404662.62 0;405329.28 0;405995.94 0;406662.6 0;407329.26 0;407995.92 0;408662.58 0;409329.24 0;409995.9 0;410662.56 0;411329.22 0;411995.88 0;412662.54 0;413329.2 0;413995.86 0;414662.52 0;415329.18 0;415995.84 0;416662.5 0;417329.16 0;417995.82 0;418662.48 0;419329.14 0;419995.8 0;420662.46 0;421329.12 0;421995.78 0;422662.44 0;423329.1 0;423995.76 0;424662.42 0;425329.08 0;425995.74 0;426662.4 0;427329.06 0;427995.72 0;428662.38 0;429329.04 0;429995.7 0;430662.36 0;431329.02 0;431995.68 0;432662.34 0;433329 0;433995.66 0;434662.32 0;435328.98 0;435995.64 0;436662.3 0;437328.96 0;437995.62 0;438662.28 0;439328.94 0;439995.6 0;440662.26 0;441328.92 0;441995.58 0;442662.24 0;443328.9 0;443995.56 0;444662.22 0;445328.88 0;445995.54 0;446662.2 0;447328.86 0;447995.52 0;448662.18 0;449328.84 0;449995.5 0;450662.16 0;451328.82 0;451995.48 0;452662.14 0;453328.8 0;453995.46 0;454662.12 0;455328.78 0;455995.44 0;456662.1 0;457328.76 0;457995.42 0;458662.08 0;459328.74 0;459995.4 0;460662.06 0;461328.72 0;461995.38 0;462662.04 0;463328.7 0;463995.36 0;464662.02 0;465328.68 0;465995.34 0;466662 0;467328.66 0;467995.32 0;468661.98 0;469328.64 0;469995.3 0;470661.96 0;471328.62 0;471995.28 0;472661.94 0;473328.6 0;473995.26 0;474661.92 0;475328.58 0;475995.24 0;476661.9 0;477328.56 0;477995.22 0;478661.88 0;479328.54 0;479995.2 0;480661.86 0;481328.52 0;481995.18 0;482661.84 0;483328.5 0;483995.16 0;484661.82 0;485328.48 0;485995.14 0;486661.8 0;487328.46 0;487995.12 0;488661.78 0;489328.44 0;489995.1 0;490661.76 0;491328.42 0;491995.08 0;492661.74 0;493328.4 0;493995.06 0;494661.72 0;495328.38 0;495995.04 0;496661.7 0;497328.36 0;497995.02 0;498661.68 0;499328.34 0;