vectors = struct();
vectors.landingQueue_queueLength_0 = [45332.88 1;45332.88 0;45999.54 1;45999.54 0;46666.2 1;46666.2 0;47332.86 1;47332.86 0;47999.52 1;47999.52 0;48666.18 1;48666.18 0;49332.84 1;49332.84 0;49999.5 1;49999.5 0;50666.16 1;50666.16 0;51332.82 1;51332.82 0;51999.48 1;51999.48 0;52666.14 1;52666.14 0;53332.8 1;53332.8 0;53999.46 1;53999.46 0;54666.12 1;54666.12 0;55332.78 1;55332.78 0;55999.44 1;55999.44 0;56666.1 1;56666.1 0;57332.76 1;57332.76 0;57999.42 1;57999.42 0;58666.08 1;58666.08 0;59332.74 1;59332.74 0;59999.4 1;59999.4 0;60666.06 1;60666.06 0;61332.72 1;61332.72 0;61999.38 1;61999.38 0;62666.04 1;62666.04 0;63332.7 1;63332.7 0;63999.36 1;63999.36 0;64666.02 1;64666.02 0;65332.68 1;65332.68 0;65999.34 1;65999.34 0;66666 1;66666 0;67332.66 1;67332.66 0;67999.32 1;67999.32 0;68665.98 1;68665.98 0;69332.64 1;69332.64 0;69999.3 1;69999.3 0;70665.96 1;70665.96 0;71332.62 1;71332.62 0;71999.28 1;71999.28 0;72665.94 1;72665.94 0;73332.6 1;73332.6 0;73999.26 1;73999.26 0;74665.92 1;74665.92 0;75332.58 1;75332.58 0;75999.24 1;75999.24 0;76665.9 1;76665.9 0;77332.56 1;77332.56 0;77999.22 1;77999.22 0;78665.88 1;78665.88 0;79332.54 1;79332.54 0;79999.2 1;79999.2 0;80665.86 1;80665.86 0;81332.52 1;81332.52 0;81999.18 1;81999.18 0;82665.84 1;82665.84 0;83332.5 1;83332.5 0;83999.16 1;83999.16 0;84665.82 1;84665.82 0;85332.48 1;85332.48 0;85999.14 1;85999.14 0;86665.8 1;86665.8 0;87332.46 1;87332.46 0;87999.12 1;87999.12 0;88665.78 1;88665.78 0;89332.44 1;89332.44 0;89999.1 1;89999.1 0;90665.76 1;90665.76 0;91332.42 1;91332.42 0;91999.08 1;91999.08 0;92665.74 1;92665.74 0;93332.4 1;93332.4 0;93999.06 1;93999.06 0;94665.72 1;94665.72 0;95332.38 1;95332.38 0;95999.04 1;95999.04 0;96665.7 1;96665.7 0;97332.36 1;97332.36 0;97999.02 1;97999.02 0;98665.68 1;98665.68 0;99332.34 1;99332.34 0;99999 1;99999 0;100665.66 1;100665.66 0;101332.32 1;101332.32 0;101998.98 1;101998.98 0;102665.64 1;102665.64 0;103332.3 1;103332.3 0;103998.96 1;103998.96 0;104665.62 1;104665.62 0;105332.28 1;105332.28 0;105998.94 1;105998.94 0;106665.6 1;106665.6 0;107332.26 1;107332.26 0;107998.92 1;107998.92 0;108665.58 1;108665.58 0;109332.24 1;109332.24 0;109998.9 1;109998.9 0;110665.56 1;110665.56 0;111332.22 1;111332.22 0;111998.88 1;111998.88 0;112665.54 1;112665.54 0;113332.2 1;113332.2 0;113998.86 1;113998.86 0;114665.52 1;114665.52 0;115332.18 1;115332.18 0;115998.84 1;115998.84 0;116665.5 1;116665.5 0;117332.16 1;117332.16 0;117998.82 1;117998.82 0;118665.48 1;118665.48 0;119332.14 1;119332.14 0;119998.8 1;119998.8 0;120665.46 1;120665.46 0;121332.12 1;121332.12 0;121998.78 1;121998.78 0;122665.44 1;122665.44 0;123332.1 1;123332.1 0;123998.76 1;123998.76 0;124665.42 1;124665.42 0;125332.08 1;125332.08 0;125998.74 1;125998.74 0;126665.4 1;126665.4 0;127332.06 1;127332.06 0;127998.72 1;127998.72 0;128665.38 1;128665.38 0;129332.04 1;129332.04 0;129998.7 1;129998.7 0;130665.36 1;130665.36 0;131332.02 1;131332.02 0;131998.68 1;131998.68 0;132665.34 1;132665.34 0;133332 1;133332 0;133998.66 1;133998.66 0;134665.32 1;134665.32 0;135331.98 1;135331.98 0;135998.64 1;135998.64 0;136665.3 1;136665.3 0;137331.96 1;137331.96 0;137998.62 1;137998.62 0;138665.28 1;138665.28 0;139331.94 1;139331.94 0;139998.6 1;139998.6 0;140665.26 1;140665.26 0;141331.92 1;141331.92 0;141998.58 1;141998.58 0;142665.24 1;142665.24 0;143331.9 1;143331.9 0;143998.56 1;143998.56 0;144665.22 1;144665.22 0;145331.88 1;145331.88 0;145998.54 1;145998.54 0;146665.2 1;146665.2 0;147331.86 1;147331.86 0;147998.52 1;147998.52 0;148665.18 1;148665.18 0;149331.84 1;149331.84 0;149998.5 1;149998.5 0;150665.16 1;150665.16 0;151331.82 1;151331.82 0;151998.48 1;151998.48 0;152665.14 1;152665.14 0;153331.8 1;153331.8 0;153998.46 1;153998.46 0;154665.12 1;154665.12 0;155331.78 1;155331.78 0;155998.44 1;155998.44 0;156665.1 1;156665.1 0;157331.76 1;157331.76 0;157998.42 1;157998.42 0;158665.08 1;158665.08 0;159331.74 1;159331.74 0;159998.4 1;159998.4 0;160665.06 1;160665.06 0;161331.72 1;161331.72 0;161998.38 1;161998.38 0;162665.04 1;162665.04 0;163331.7 1;163331.7 0;163998.36 1;163998.36 0;164665.02 1;164665.02 0;165331.68 1;165331.68 0;165998.34 1;165998.34 0;166665 1;166665 0;167331.66 1;167331.66 0;167998.32 1;167998.32 0;168664.98 1;168664.98 0;169331.64 1;169331.64 0;169998.3 1;169998.3 0;170664.96 1;170664.96 0;171331.62 1;171331.62 0;171998.28 1;171998.28 0;172664.94 1;172664.94 0;173331.6 1;173331.6 0;173998.26 1;173998.26 0;174664.92 1;174664.92 0;175331.58 1;175331.58 0;175998.24 1;175998.24 0;176664.9 1;176664.9 0;177331.56 1;177331.56 0;177998.22 1;177998.22 0;178664.88 1;178664.88 0;179331.54 1;179331.54 0;179998.2 1;179998.2 0;180664.86 1;180664.86 0;181331.52 1;181331.52 0;181998.18 1;181998.18 0;182664.84 1;182664.84 0;183331.5 1;183331.5 0;183998.16 1;183998.16 0;184664.82 1;184664.82 0;185331.48 1;185331.48 0;185998.14 1;185998.14 0;186664.8 1;186664.8 0;187331.46 1;187331.46 0;187998.12 1;187998.12 0;188664.78 1;188664.78 0;189331.44 1;189331.44 0;189998.1 1;189998.1 0;190664.76 1;190664.76 0;191331.42 1;191331.42 0;191998.08 1;191998.08 0;192664.74 1;192664.74 0;193331.4 1;193331.4 0;193998.06 1;193998.06 0;194664.72 1;194664.72 0;195331.38 1;195331.38 0;195998.04 1;195998.04 0;196664.7 1;196664.7 0;197331.36 1;197331.36 0;197998.02 1;197998.02 0;198664.68 1;198664.68 0;199331.34 1;199331.34 0;199998 1;199998 0;200664.66 1;200664.66 0;201331.32 1;201331.32 0;201997.98 1;201997.98 0;202664.64 1;202664.64 0;203331.3 1;203331.3 0;203997.96 1;203997.96 0;204664.62 1;204664.62 0;205331.28 1;205331.28 0;205997.94 1;205997.94 0;206664.6 1;206664.6 0;207331.26 1;207331.26 0;207997.92 1;207997.92 0;208664.58 1;208664.58 0;209331.24 1;209331.24 0;209997.9 1;209997.9 0;210664.56 1;210664.56 0;211331.22 1;211331.22 0;211997.88 1;211997.88 0;212664.54 1;212664.54 0;213331.2 1;213331.2 0;213997.86 1;213997.86 0;214664.52 1;214664.52 0;215331.18 1;215331.18 0;215997.84 1;215997.84 0;216664.5 1;216664.5 0;217331.16 1;217331.16 0;217997.82 1;217997.82 0;218664.48 1;218664.48 0;219331.14 1;219331.14 0;219997.8 1;219997.8 0;220664.46 1;220664.46 0;221331.12 1;221331.12 0;221997.78 1;221997.78 0;222664.44 1;222664.44 0;223331.1 1;223331.1 0;223997.76 1;223997.76 0;224664.42 1;224664.42 0;225331.08 1;225331.08 0;225997.74 1;225997.74 0;226664.4 1;226664.4 0;227331.06 1;227331.06 0;227997.72 1;227997.72 0;228664.38 1;228664.38 0;229331.04 1;229331.04 0;229997.7 1;229997.7 0;230664.36 1;230664.36 0;231331.02 1;231331.02 0;231997.68 1;231997.68 0;232664.34 1;232664.34 0;233331 1;233331 0;233997.66 1;233997.66 0;234664.32 1;234664.32 0;235330.98 1;235330.98 0;235997.64 1;235997.64 0;236664.3 1;236664.3 0;237330.96 1;237330.96 0;237997.62 1;237997.62 0;238664.28 1;238664.28 0;239330.94 1;239330.94 0;239997.6 1;239997.6 0;240664.26 1;240664.26 0;241330.92 1;241330.92 0;241997.58 1;241997.58 0;242664.24 1;242664.24 0;243330.9 1;243330.9 0;243997.56 1;243997.56 0;244664.22 1;244664.22 0;245330.88 1;245330.88 0;245997.54 1;245997.54 0;246664.2 1;246664.2 0;247330.86 1;247330.86 0;247997.52 1;247997.52 0;248664.18 1;248664.18 0;249330.84 1;249330.84 0;249997.5 1;249997.5 0;250664.16 1;250664.16 0;251330.82 1;251330.82 0;251997.48 1;251997.48 0;252664.14 1;252664.14 0;253330.8 1;253330.8 0;253997.46 1;253997.46 0;254664.12 1;254664.12 0;255330.78 1;255330.78 0;255997.44 1;255997.44 0;256664.1 1;256664.1 0;257330.76 1;257330.76 0;257997.42 1;257997.42 0;258664.08 1;258664.08 0;259330.74 1;259330.74 0;259997.4 1;259997.4 0;260664.06 1;260664.06 0;261330.72 1;261330.72 0;261997.38 1;261997.38 0;262664.04 1;262664.04 0;263330.7 1;263330.7 0;263997.36 1;263997.36 0;264664.02 1;264664.02 0;265330.68 1;265330.68 0;265997.34 1;265997.34 0;266664 1;266664 0;267330.66 1;267330.66 0;267997.32 1;267997.32 0;268663.98 1;268663.98 0;269330.64 1;269330.64 0;269997.3 1;269997.3 0;270663.96 1;270663.96 0;271330.62 1;271330.62 0;271997.28 1;271997.28 0;272663.94 1;272663.94 0;273330.6 1;273330.6 0;273997.26 1;273997.26 0;274663.92 1;