vectors = struct();
vectors.takeoffQueue_queueTime_0 = [45666.24 0;46332.9 0;46999.56 0;47666.22 0;48332.88 0;48999.54 0;49666.2 0;50332.86 0;50999.52 0;51666.18 0;52332.84 0;52999.5 0;53666.16 0;54332.82 0;54999.48 0;55666.14 0;56332.8 0;56999.46 0;57666.12 0;58332.78 0;58999.44 0;59666.1 0;60332.76 0;60999.42 0;61666.08 0;62332.74 0;62999.4 0;63666.06 0;64332.72 0;64999.38 0;65666.04 0;66332.7 0;66999.36 0;67666.02 0;68332.68 0;68999.34 0;69666 0;70332.66 0;70999.32 0;71665.98 0;72332.64 0;72999.3 0;73665.96 0;74332.62 0;74999.28 0;75665.94 0;76332.6 0;76999.26 0;77665.92 0;78332.58 0;78999.24 0;79665.9 0;80332.56 0;80999.22 0;81665.88 0;82332.54 0;82999.2 0;83665.86 0;84332.52 0;84999.18 0;85665.84 0;86332.5 0;86999.16 0;87665.82 0;88332.48 0;88999.14 0;89665.8 0;90332.46 0;90999.12 0;91665.78 0;92332.44 0;92999.1 0;93665.76 0;94332.42 0;94999.08 0;95665.74 0;96332.4 0;96999.06 0;97665.72 0;98332.38 0;98999.04 0;99665.7 0;100332.36 0;100999.02 0;101665.68 0;102332.34 0;102999 0;103665.66 0;104332.32 0;104998.98 0;105665.64 0;106332.3 0;106998.96 0;107665.62 0;108332.28 0;108998.94 0;109665.6 0;110332.26 0;110998.92 0;111665.58 0;112332.24 0;112998.9 0;113665.56 0;114332.22 0;114998.88 0;115665.54 0;116332.2 0;116998.86 0;117665.52 0;118332.18 0;118998.84 0;119665.5 0;120332.16 0;120998.82 0;121665.48 0;122332.14 0;122998.8 0;123665.46 0;124332.12 0;124998.78 0;125665.44 0;126332.1 0;126998.76 0;127665.42 0;128332.08 0;128998.74 0;129665.4 0;130332.06 0;130998.72 0;131665.38 0;132332.04 0;132998.7 0;133665.36 0;134332.02 0;134998.68 0;135665.34 0;136332 0;136998.66 0;137665.32 0;138331.98 0;138998.64 0;139665.3 0;140331.96 0;140998.62 0;141665.28 0;142331.94 0;142998.6 0;143665.26 0;144331.92 0;144998.58 0;145665.24 0;146331.9 0;146998.56 0;147665.22 0;148331.88 0;148998.54 0;149665.2 0;150331.86 0;150998.52 0;151665.18 0;152331.84 0;152998.5 0;153665.16 0;154331.82 0;154998.48 0;155665.14 0;156331.8 0;156998.46 0;157665.12 0;158331.78 0;158998.44 0;159665.1 0;160331.76 0;160998.42 0;161665.08 0;162331.74 0;162998.4 0;163665.06 0;164331.72 0;164998.38 0;165665.04 0;166331.7 0;166998.36 0;167665.02 0;168331.68 0;168998.34 0;169665 0;170331.66 0;170998.32 0;171664.98 0;172331.64 0;172998.3 0;173664.96 0;174331.62 0;174998.28 0;175664.94 0;176331.6 0;176998.26 0;177664.92 0;178331.58 0;178998.24 0;179664.9 0;180331.56 0;180998.22 0;181664.88 0;182331.54 0;182998.2 0;183664.86 0;184331.52 0;184998.18 0;185664.84 0;186331.5 0;186998.16 0;187664.82 0;188331.48 0;188998.14 0;189664.8 0;190331.46 0;190998.12 0;191664.78 0;192331.44 0;192998.1 0;193664.76 0;194331.42 0;194998.08 0;195664.74 0;196331.4 0;196998.06 0;197664.72 0;198331.38 0;198998.04 0;199664.7 0;200331.36 0;200998.02 0;201664.68 0;202331.34 0;202998 0;203664.66 0;204331.32 0;204997.98 0;205664.64 0;206331.3 0;206997.96 0;207664.62 0;208331.28 0;208997.94 0;209664.6 0;210331.26 0;210997.92 0;211664.58 0;212331.24 0;212997.9 0;213664.56 0;214331.22 0;214997.88 0;215664.54 0;216331.2 0;216997.86 0;217664.52 0;218331.18 0;218997.84 0;219664.5 0;220331.16 0;220997.82 0;221664.48 0;222331.14 0;222997.8 0;223664.46 0;224331.12 0;224997.78 0;225664.44 0;226331.1 0;226997.76 0;227664.42 0;228331.08 0;228997.74 0;229664.4 0;230331.06 0;230997.72 0;231664.38 0;232331.04 0;232997.7 0;233664.36 0;234331.02 0;234997.68 0;235664.34 0;236331 0;236997.66 0;237664.32 0;238330.98 0;238997.64 0;239664.3 0;240330.96 0;240997.62 0;241664.28 0;242330.94 0;242997.6 0;243664.26 0;244330.92 0;244997.58 0;245664.24 0;246330.9 0;246997.56 0;247664.22 0;248330.88 0;248997.54 0;249664.2 0;250330.86 0;250997.52 0;251664.18 0;252330.84 0;252997.5 0;253664.16 0;254330.82 0;254997.48 0;255664.14 0;256330.8 0;256997.46 0;257664.12 0;258330.78 0;258997.44 0;259664.1 0;260330.76 0;260997.42 0;261664.08 0;262330.74 0;262997.4 0;263664.06 0;264330.72 0;264997.38 0;265664.04 0;266330.7 0;266997.36 0;267664.02 0;268330.68 0;268997.34 0;269664 0;270330.66 0;270997.32 0;271663.98 0;272330.64 0;272997.3 0;273663.96 0;274330.62 0;274997.28 0;275663.94 0;276330.6 0;276997.26 0;277663.92 0;278330.58 0;278997.24 0;279663.9 0;280330.56 0;280997.22 0;281663.88 0;282330.54 0;282997.2 0;283663.86 0;284330.52 0;284997.18 0;285663.84 0;286330.5 0;286997.16 0;287663.82 0;288330.48 0;288997.14 0;289663.8 0;290330.46 0;290997.12 0;291663.78 0;292330.44 0;292997.1 0;293663.76 0;294330.42 0;294997.08 0;295663.74 0;296330.4 0;296997.06 0;297663.72 0;298330.38 0;298997.04 0;299663.7 0;300330.36 0;300997.02 0;301663.68 0;302330.34 0;302997 0;303663.66 0;304330.32 0;304996.98 0;305663.64 0;306330.3 0;306996.96 0;307663.62 0;308330.28 0;308996.94 0;309663.6 0;310330.26 0;310996.92 0;311663.58 0;312330.24 0;312996.9 0;313663.56 0;314330.22 0;314996.88 0;315663.54 0;316330.2 0;316996.86 0;317663.52 0;318330.18 0;318996.84 0;319663.5 0;320330.16 0;320996.82 0;321663.48 0;322330.14 0;322996.8 0;323663.46 0;324330.12 0;324996.78 0;325663.44 0;326330.1 0;326996.76 0;327663.42 0;328330.08 0;328996.74 0;329663.4 0;330330.06 0;330996.72 0;331663.38 0;332330.04 0;332996.7 0;333663.36 0;334330.02 0;334996.68 0;335663.34 0;336330 0;336996.66 0;337663.32 0;338329.98 0;338996.64 0;339663.3 0;340329.96 0;340996.62 0;341663.28 0;342329.94 0;342996.6 0;343663.26 0;344329.92 0;344996.58 0;345663.24 0;346329.9 0;346996.56 0;347663.22 0;348329.88 0;348996.54 0;349663.2 0;350329.86 0;350996.52 0;351663.18 0;352329.84 0;352996.5 0;353663.16 0;354329.82 0;354996.48 0;355663.14 0;356329.8 0;356996.46 0;357663.12 0;358329.78 0;358996.44 0;359663.1 0;360329.76 0;360996.42 0;361663.08 0;362329.74 0;362996.4 0;363663.06 0;364329.72 0;364996.38 0;365663.04 0;366329.7 0;366996.36 0;367663.02 0;368329.68 0;368996.34 0;369663 0;370329.66 0;370996.32 0;371662.98 0;372329.64 0;372996.3 0;373662.96 0;374329.62 0;374996.28 0;375662.94 0;376329.6 0;376996.26 0;377662.92 0;378329.58 0;378996.24 0;379662.9 0;380329.56 0;380996.22 0;381662.88 0;382329.54 0;382996.2 0;383662.86 0;384329.52 0;384996.18 0;385662.84 0;386329.5 0;386996.16 0;387662.82 0;388329.48 0;388996.14 0;389662.8 0;390329.46 0;390996.12 0;391662.78 0;392329.44 0;392996.1 0;393662.76 0;394329.42 0;394996.08 0;395662.74 0;396329.4 0;396996.06 0;397662.72 0;398329.38 0;398996.04 0;399662.7 0;400329.36 0;400996.02 0;401662.68 0;402329.34 0;402996 0;403662.66 0;404329.32 0;404995.98 0;405662.64 0;406329.3 0;406995.96 0;407662.62 0;408329.28 0;408995.94 0;409662.6 0;410329.26 0;410995.92 0;411662.58 0;412329.24 0;412995.9 0;413662.56 0;414329.22 0;414995.88 0;415662.54 0;416329.2 0;416995.86 0;417662.52 0;418329.18 0;418995.84 0;419662.5 0;420329.16 0;420995.82 0;421662.48 0;422329.14 0;422995.8 0;423662.46 0;424329.12 0;424995.78 0;425662.44 0;426329.1 0;426995.76 0;427662.42 0;428329.08 0;428995.74 0;429662.4 0;430329.06 0;430995.72 0;431662.38 0;432329.04 0;432995.7 0;433662.36 0;434329.02 0;434995.68 0;435662.34 0;436329 0;436995.66 0;437662.32 0;438328.98 0;438995.64 0;439662.3 0;440328.96 0;440995.62 0;441662.28 0;442328.94 0;442995.6 0;443662.26 0;444328.92 0;444995.58 0;445662.24 0;446328.9 0;446995.56 0;447662.22 0;448328.88 0;448995.54 0;449662.2 0;450328.86 0;450995.52 0;451662.18 0;452328.84 0;452995.5 0;453662.16 0;454328.82 0;454995.48 0;455662.14 0;456328.8 0;456995.46 0;457662.12 0;458328.78 0;458995.44 0;459662.1 0;460328.76 0;460995.42 0;461662.08 0;462328.74 0;462995.4 0;463662.06 0;464328.72 0;464995.38 0;465662.04 0;466328.7 0;466995.36 0;467662.02 0;468328.68 0;468995.34 0;469662 0;470328.66 0;470995.32 0;471661.98 0;472328.64 0;472995.3 0;473661.96 0;474328.62 0;474995.28 0;475661.94 0;476328.6 0;476995.26 0;477661.92 0;478328.58 0;478995.24 0;479661.9 0;480328.56 0;480995.22 0;481661.88 0;482328.54 0;482995.2 0;483661.86 0;484328.52 0;484995.18 0;485661.84 0;486328.5 0;486995.16 0;487661.82 0;488328.48 0;488995.14 0;489661.8 0;490328.46 0;490995.12 0;491661.78 0;492328.44 0;492995.1 0;493661.76 0;494328.42 0;494995.08 0;495661.74 0;496328.4 0;496995.06 0;497661.72 0;498328.38 0;498995.04 0;499661.7 0;