vectors = struct();
vectors.takeoffQueue_queueLength_0 = [45666.24 1;45666.24 0;46332.9 1;46332.9 0;46999.56 1;46999.56 0;47666.22 1;47666.22 0;48332.88 1;48332.88 0;48999.54 1;48999.54 0;49666.2 1;49666.2 0;50332.86 1;50332.86 0;50999.52 1;50999.52 0;51666.18 1;51666.18 0;52332.84 1;52332.84 0;52999.5 1;52999.5 0;53666.16 1;53666.16 0;54332.82 1;54332.82 0;54999.48 1;54999.48 0;55666.14 1;55666.14 0;56332.8 1;56332.8 0;56999.46 1;56999.46 0;57666.12 1;57666.12 0;58332.78 1;58332.78 0;58999.44 1;58999.44 0;59666.1 1;59666.1 0;60332.76 1;60332.76 0;60999.42 1;60999.42 0;61666.08 1;61666.08 0;62332.74 1;62332.74 0;62999.4 1;62999.4 0;63666.06 1;63666.06 0;64332.72 1;64332.72 0;64999.38 1;64999.38 0;65666.04 1;65666.04 0;66332.7 1;66332.7 0;66999.36 1;66999.36 0;67666.02 1;67666.02 0;68332.68 1;68332.68 0;68999.34 1;68999.34 0;69666 1;69666 0;70332.66 1;70332.66 0;70999.32 1;70999.32 0;71665.98 1;71665.98 0;72332.64 1;72332.64 0;72999.3 1;72999.3 0;73665.96 1;73665.96 0;74332.62 1;74332.62 0;74999.28 1;74999.28 0;75665.94 1;75665.94 0;76332.6 1;76332.6 0;76999.26 1;76999.26 0;77665.92 1;77665.92 0;78332.58 1;78332.58 0;78999.24 1;78999.24 0;79665.9 1;79665.9 0;80332.56 1;80332.56 0;80999.22 1;80999.22 0;81665.88 1;81665.88 0;82332.54 1;82332.54 0;82999.2 1;82999.2 0;83665.86 1;83665.86 0;84332.52 1;84332.52 0;84999.18 1;84999.18 0;85665.84 1;85665.84 0;86332.5 1;86332.5 0;86999.16 1;86999.16 0;87665.82 1;87665.82 0;88332.48 1;88332.48 0;88999.14 1;88999.14 0;89665.8 1;89665.8 0;90332.46 1;90332.46 0;90999.12 1;90999.12 0;91665.78 1;91665.78 0;92332.44 1;92332.44 0;92999.1 1;92999.1 0;93665.76 1;93665.76 0;94332.42 1;94332.42 0;94999.08 1;94999.08 0;95665.74 1;95665.74 0;96332.4 1;96332.4 0;96999.06 1;96999.06 0;97665.72 1;97665.72 0;98332.38 1;98332.38 0;98999.04 1;98999.04 0;99665.7 1;99665.7 0;100332.36 1;100332.36 0;100999.02 1;100999.02 0;101665.68 1;101665.68 0;102332.34 1;102332.34 0;102999 1;102999 0;103665.66 1;103665.66 0;104332.32 1;104332.32 0;104998.98 1;104998.98 0;105665.64 1;105665.64 0;106332.3 1;106332.3 0;106998.96 1;106998.96 0;107665.62 1;107665.62 0;108332.28 1;108332.28 0;108998.94 1;108998.94 0;109665.6 1;109665.6 0;110332.26 1;110332.26 0;110998.92 1;110998.92 0;111665.58 1;111665.58 0;112332.24 1;112332.24 0;112998.9 1;112998.9 0;113665.56 1;113665.56 0;114332.22 1;114332.22 0;114998.88 1;114998.88 0;115665.54 1;115665.54 0;116332.2 1;116332.2 0;116998.86 1;116998.86 0;117665.52 1;117665.52 0;118332.18 1;118332.18 0;118998.84 1;118998.84 0;119665.5 1;119665.5 0;120332.16 1;120332.16 0;120998.82 1;120998.82 0;121665.48 1;121665.48 0;122332.14 1;122332.14 0;122998.8 1;122998.8 0;123665.46 1;123665.46 0;124332.12 1;124332.12 0;124998.78 1;124998.78 0;125665.44 1;125665.44 0;126332.1 1;126332.1 0;126998.76 1;126998.76 0;127665.42 1;127665.42 0;128332.08 1;128332.08 0;128998.74 1;128998.74 0;129665.4 1;129665.4 0;130332.06 1;130332.06 0;130998.72 1;130998.72 0;131665.38 1;131665.38 0;132332.04 1;132332.04 0;132998.7 1;132998.7 0;133665.36 1;133665.36 0;134332.02 1;134332.02 0;134998.68 1;134998.68 0;135665.34 1;135665.34 0;136332 1;136332 0;136998.66 1;136998.66 0;137665.32 1;137665.32 0;138331.98 1;138331.98 0;138998.64 1;138998.64 0;139665.3 1;139665.3 0;140331.96 1;140331.96 0;140998.62 1;140998.62 0;141665.28 1;141665.28 0;142331.94 1;142331.94 0;142998.6 1;142998.6 0;143665.26 1;143665.26 0;144331.92 1;144331.92 0;144998.58 1;144998.58 0;145665.24 1;145665.24 0;146331.9 1;146331.9 0;146998.56 1;146998.56 0;147665.22 1;147665.22 0;148331.88 1;148331.88 0;148998.54 1;148998.54 0;149665.2 1;149665.2 0;150331.86 1;150331.86 0;150998.52 1;150998.52 0;151665.18 1;151665.18 0;152331.84 1;152331.84 0;152998.5 1;152998.5 0;153665.16 1;153665.16 0;154331.82 1;154331.82 0;154998.48 1;154998.48 0;155665.14 1;155665.14 0;156331.8 1;156331.8 0;156998.46 1;156998.46 0;157665.12 1;157665.12 0;158331.78 1;158331.78 0;158998.44 1;158998.44 0;159665.1 1;159665.1 0;160331.76 1;160331.76 0;160998.42 1;160998.42 0;161665.08 1;161665.08 0;162331.74 1;162331.74 0;162998.4 1;162998.4 0;163665.06 1;163665.06 0;164331.72 1;164331.72 0;164998.38 1;164998.38 0;165665.04 1;165665.04 0;166331.7 1;166331.7 0;166998.36 1;166998.36 0;167665.02 1;167665.02 0;168331.68 1;168331.68 0;168998.34 1;168998.34 0;169665 1;169665 0;170331.66 1;170331.66 0;170998.32 1;170998.32 0;171664.98 1;171664.98 0;172331.64 1;172331.64 0;172998.3 1;172998.3 0;173664.96 1;173664.96 0;174331.62 1;174331.62 0;174998.28 1;174998.28 0;175664.94 1;175664.94 0;176331.6 1;176331.6 0;176998.26 1;176998.26 0;177664.92 1;177664.92 0;178331.58 1;178331.58 0;178998.24 1;178998.24 0;179664.9 1;179664.9 0;180331.56 1;180331.56 0;180998.22 1;180998.22 0;181664.88 1;181664.88 0;182331.54 1;182331.54 0;182998.2 1;182998.2 0;183664.86 1;183664.86 0;184331.52 1;184331.52 0;184998.18 1;184998.18 0;185664.84 1;185664.84 0;186331.5 1;186331.5 0;186998.16 1;186998.16 0;187664.82 1;187664.82 0;188331.48 1;188331.48 0;188998.14 1;188998.14 0;189664.8 1;189664.8 0;190331.46 1;190331.46 0;190998.12 1;190998.12 0;191664.78 1;191664.78 0;192331.44 1;192331.44 0;192998.1 1;192998.1 0;193664.76 1;193664.76 0;194331.42 1;194331.42 0;194998.08 1;194998.08 0;195664.74 1;195664.74 0;196331.4 1;196331.4 0;196998.06 1;196998.06 0;197664.72 1;197664.72 0;198331.38 1;198331.38 0;198998.04 1;198998.04 0;199664.7 1;199664.7 0;200331.36 1;200331.36 0;200998.02 1;200998.02 0;201664.68 1;201664.68 0;202331.34 1;202331.34 0;202998 1;202998 0;203664.66 1;203664.66 0;204331.32 1;204331.32 0;204997.98 1;204997.98 0;205664.64 1;205664.64 0;206331.3 1;206331.3 0;206997.96 1;206997.96 0;207664.62 1;207664.62 0;208331.28 1;208331.28 0;208997.94 1;208997.94 0;209664.6 1;209664.6 0;210331.26 1;210331.26 0;210997.92 1;210997.92 0;211664.58 1;211664.58 0;212331.24 1;212331.24 0;212997.9 1;212997.9 0;213664.56 1;213664.56 0;214331.22 1;214331.22 0;214997.88 1;214997.88 0;215664.54 1;215664.54 0;216331.2 1;216331.2 0;216997.86 1;216997.86 0;217664.52 1;217664.52 0;218331.18 1;218331.18 0;218997.84 1;218997.84 0;219664.5 1;219664.5 0;220331.16 1;220331.16 0;220997.82 1;220997.82 0;221664.48 1;221664.48 0;222331.14 1;222331.14 0;222997.8 1;222997.8 0;223664.46 1;223664.46 0;224331.12 1;224331.12 0;224997.78 1;224997.78 0;225664.44 1;225664.44 0;226331.1 1;226331.1 0;226997.76 1;226997.76 0;227664.42 1;227664.42 0;228331.08 1;228331.08 0;228997.74 1;228997.74 0;229664.4 1;229664.4 0;230331.06 1;230331.06 0;230997.72 1;230997.72 0;231664.38 1;231664.38 0;232331.04 1;232331.04 0;232997.7 1;232997.7 0;233664.36 1;233664.36 0;234331.02 1;234331.02 0;234997.68 1;234997.68 0;235664.34 1;235664.34 0;236331 1;236331 0;236997.66 1;236997.66 0;237664.32 1;237664.32 0;238330.98 1;238330.98 0;238997.64 1;238997.64 0;239664.3 1;239664.3 0;240330.96 1;240330.96 0;240997.62 1;240997.62 0;241664.28 1;241664.28 0;242330.94 1;242330.94 0;242997.6 1;242997.6 0;243664.26 1;243664.26 0;244330.92 1;244330.92 0;244997.58 1;244997.58 0;245664.24 1;245664.24 0;246330.9 1;246330.9 0;246997.56 1;246997.56 0;247664.22 1;247664.22 0;248330.88 1;248330.88 0;248997.54 1;248997.54 0;249664.2 1;249664.2 0;250330.86 1;250330.86 0;250997.52 1;250997.52 0;251664.18 1;251664.18 0;252330.84 1;252330.84 0;252997.5 1;252997.5 0;253664.16 1;253664.16 0;254330.82 1;254330.82 0;254997.48 1;254997.48 0;255664.14 1;255664.14 0;256330.8 1;256330.8 0;256997.46 1;256997.46 0;257664.12 1;257664.12 0;258330.78 1;258330.78 0;258997.44 1;258997.44 0;259664.1 1;259664.1 0;260330.76 1;260330.76 0;260997.42 1;260997.42 0;261664.08 1;261664.08 0;262330.74 1;262330.74 0;262997.4 1;262997.4 0;263664.06 1;263664.06 0;264330.72 1;264330.72 0;264997.38 1;264997.38 0;265664.04 1;265664.04 0;266330.7 1;266330.7 0;266997.36 1;266997.36 0;267664.02 1;267664.02 0;268330.68 1;268330.68 0;268997.34 1;268997.34 0;269664 1;269664 0;270330.66 1;270330.66 0;270997.32 1;270997.32 0;271663.98 1;271663.98 0;272330.64 1;272330.64 0;272997.3 1;272997.3 0;273663.96 1;273663.96 0;274330.62 1;274330.62 0;274997.28 1;