vectors = struct();
vectors.parkingLot_parkingOccupancy_0 = [198900 1;201300 2;201900 1;204300 2;204900 1;207300 2;207900 1;210300 2;210900 1;213300 2;213900 1;216300 2;216900 1;219300 2;219900 1;222300 2;222900 1;225300 2;225900 1;228300 2;228900 1;231300 2;231900 1;234300 2;234900 1;237300 2;237900 1;240300 2;240900 1;243300 2;243900 1;246300 2;246900 1;249300 2;249900 1;252300 2;252900 1;255300 2;255900 1;258300 2;258900 1;261300 2;261900 1;264300 2;264900 1;267300 2;267900 1;270300 2;270900 1;273300 2;273900 1;276300 2;276900 1;279300 2;279900 1;282300 2;282900 1;285300 2;285900 1;288300 2;288900 1;291300 2;291900 1;294300 2;294900 1;297300 2;297900 1;300300 2;300900 1;303300 2;303900 1;306300 2;306900 1;309300 2;309900 1;312300 2;312900 1;315300 2;315900 1;318300 2;318900 1;321300 2;321900 1;324300 2;324900 1;327300 2;327900 1;330300 2;330900 1;333300 2;333900 1;336300 2;336900 1;339300 2;339900 1;342300 2;342900 1;345300 2;345900 1;348300 2;348900 1;351300 2;351900 1;354300 2;354900 1;357300 2;357900 1;360300 2;360900 1;363300 2;363900 1;366300 2;366900 1;369300 2;369900 1;372300 2;372900 1;375300 2;375900 1;378300 2;378900 1;381300 2;381900 1;384300 2;384900 1;387300 2;387900 1;390300 2;390900 1;393300 2;393900 1;396300 2;396900 1;399300 2;399900 1;402300 2;402900 1;405300 2;405900 1;408300 2;408900 1;411300 2;411900 1;414300 2;414900 1;417300 2;417900 1;420300 2;420900 1;423300 2;423900 1;426300 2;426900 1;429300 2;429900 1;432300 2;432900 1;435300 2;435900 1;438300 2;438900 1;441300 2;441900 1;444300 2;444900 1;447300 2;447900 1;450300 2;450900 1;453300 2;453900 1;456300 2;456900 1;459300 2;459900 1;462300 2;462900 1;465300 2;465900 1;468300 2;468900 1;471300 2;471900 1;474300 2;474900 1;477300 2;477900 1;480300 2;480900 1;483300 2;483900 1;486300 2;486900 1;489300 2;489900 1;492300 2;492900 1;495300 2;495900 1;498300 2;498900 1;501300 2;501900 1;504300 2;504900 1;507300 2;507900 1;510300 2;510900 1;513300 2;513900 1;516300 2;516900 1;519300 2;519900 1;522300 2;522900 1;525300 2;525900 1;528300 2;528900 1;531300 2;531900 1;534300 2;534900 1;537300 2;537900 1;540300 2;540900 1;543300 2;543900 1;546300 2;546900 1;549300 2;549900 1;552300 2;552900 1;555300 2;555900 1;558300 2;558900 1;561300 2;561900 1;564300 2;564900 1;567300 2;567900 1;570300 2;570900 1;573300 2;573900 1;576300 2;576900 1;579300 2;579900 1;582300 2;582900 1;585300 2;585900 1;588300 2;588900 1;591300 2;591900 1;594300 2;594900 1;597300 2;597900 1;600300 2;600900 1;603300 2;603900 1;606300 2;606900 1;609300 2;609900 1;612300 2;612900 1;615300 2;615900 1;618300 2;618900 1;621300 2;621900 1;624300 2;624900 1;627300 2;627900 1;630300 2;630900 1;633300 2;633900 1;636300 2;636900 1;639300 2;639900 1;642300 2;642900 1;645300 2;645900 1;648300 2;648900 1;651300 2;651900 1;654300 2;654900 1;657300 2;657900 1;660300 2;660900 1;663300 2;663900 1;666300 2;666900 1;669300 2;669900 1;672300 2;672900 1;675300 2;675900 1;678300 2;678900 1;681300 2;681900 1;684300 2;684900 1;687300 2;687900 1;690300 2;690900 1;693300 2;693900 1;696300 2;696900 1;699300 2;699900 1;702300 2;702900 1;705300 2;705900 1;708300 2;708900 1;711300 2;711900 1;714300 2;714900 1;717300 2;717900 1;720300 2;720900 1;723300 2;723900 1;726300 2;726900 1;729300 2;729900 1;732300 2;732900 1;735300 2;735900 1;738300 2;738900 1;741300 2;741900 1;744300 2;744900 1;747300 2;747900 1;750300 2;750900 1;753300 2;753900 1;756300 2;756900 1;759300 2;759900 1;762300 2;762900 1;765300 2;765900 1;768300 2;768900 1;771300 2;771900 1;774300 2;774900 1;777300 2;777900 1;780300 2;780900 1;783300 2;783900 1;786300 2;786900 1;789300 2;789900 1;792300 2;792900 1;795300 2;795900 1;798300 2;798900 1;801300 2;801900 1;804300 2;804900 1;807300 2;807900 1;810300 2;810900 1;813300 2;813900 1;816300 2;816900 1;819300 2;819900 1;822300 2;822900 1;825300 2;825900 1;828300 2;828900 1;831300 2;831900 1;834300 2;834900 1;837300 2;837900 1;840300 2;840900 1;843300 2;843900 1;846300 2;846900 1;849300 2;849900 1;852300 2;852900 1;855300 2;855900 1;858300 2;858900 1;861300 2;861900 1;864300 2;864900 1;867300 2;867900 1;870300 2;870900 1;873300 2;873900 1;876300 2;876900 1;879300 2;879900 1;882300 2;882900 1;885300 2;885900 1;888300 2;888900 1;891300 2;891900 1;894300 2;894900 1;897300 2;897900 1;900300 2;900900 1;903300 2;903900 1;906300 2;906900 1;909300 2;909900 1;912300 2;912900 1;915300 2;915900 1;918300 2;918900 1;921300 2;921900 1;924300 2;924900 1;927300 2;927900 1;930300 2;930900 1;933300 2;933900 1;936300 2;936900 1;939300 2;939900 1;942300 2;942900 1;945300 2;945900 1;948300 2;948900 1;951300 2;951900 1;954300 2;954900 1;957300 2;957900 1;960300 2;960900 1;963300 2;963900 1;966300 2;966900 1;969300 2;969900 1;972300 2;972900 1;975300 2;975900 1;978300 2;978900 1;981300 2;981900 1;984300 2;984900 1;987300 2;987900 1;990300 2;990900 1;993300 2;993900 1;996300 2;996900 1;999300 2;999900 1;1002300 2;1002900 1;1005300 2;1005900 1;1008300 2;1008900 1;1011300 2;1011900 1;1014300 2;1014900 1;1017300 2;1017900 1;1020300 2;1020900 1;1023300 2;1023900 1;1026300 2;1026900 1;1029300 2;1029900 1;1032300 2;1032900 1;1035300 2;1035900 1;1038300 2;1038900 1;1041300 2;1041900 1;1044300 2;1044900 1;1047300 2;1047900 1;1050300 2;1050900 1;1053300 2;1053900 1;1056300 2;1056900 1;1059300 2;1059900 1;1062300 2;1062900 1;1065300 2;1065900 1;1068300 2;1068900 1;1071300 2;1071900 1;1074300 2;1074900 1;1077300 2;1077900 1;1080300 2;1080900 1;1083300 2;1083900 1;1086300 2;1086900 1;1089300 2;1089900 1;1092300 2;1092900 1;1095300 2;1095900 1;1098300 2;1098900 1;1101300 2;1101900 1;1104300 2;1104900 1;1107300 2;1107900 1;1110300 2;1110900 1;1113300 2;1113900 1;1116300 2;1116900 1;1119300 2;1119900 1;1122300 2;1122900 1;];
