vectors = struct();
vectors.parkingLot_parkingOccupancy_0 = [302609.76 2;302695.5 1;304324.02 2;304409.76 1;306038.28 2;306124.02 1;307752.54 2;307838.28 1;309466.8 2;309552.54 1;311181.06 2;311266.8 1;312895.32 2;312981.06 1;314609.58 2;314695.32 1;316323.84 2;316409.58 1;318038.1 2;318123.84 1;319752.36 2;319838.1 1;321466.62 2;321552.36 1;323180.88 2;323266.62 1;324895.14 2;324980.88 1;326609.4 2;326695.14 1;328323.66 2;328409.4 1;330037.92 2;330123.66 1;331752.18 2;331837.92 1;333466.44 2;333552.18 1;335180.7 2;335266.44 1;336894.96 2;336980.7 1;338609.22 2;338694.96 1;340323.48 2;340409.22 1;342037.74 2;342123.48 1;343752 2;343837.74 1;345466.26 2;345552 1;347180.52 2;347266.26 1;348894.78 2;348980.52 1;350609.04 2;350694.78 1;352323.3 2;352409.04 1;354037.56 2;354123.3 1;355751.82 2;355837.56 1;357466.08 2;357551.82 1;359180.34 2;359266.08 1;360894.6 2;360980.34 1;362608.86 2;362694.6 1;364323.12 2;364408.86 1;366037.38 2;366123.12 1;367751.64 2;367837.38 1;369465.9 2;369551.64 1;371180.16 2;371265.9 1;372894.42 2;372980.16 1;374608.68 2;374694.42 1;376322.94 2;376408.68 1;378037.2 2;378122.94 1;379751.46 2;379837.2 1;381465.72 2;381551.46 1;383179.98 2;383265.72 1;384894.24 2;384979.98 1;386608.5 2;386694.24 1;388322.76 2;388408.5 1;390037.02 2;390122.76 1;391751.28 2;391837.02 1;393465.54 2;393551.28 1;395179.8 2;395265.54 1;396894.06 2;396979.8 1;398608.32 2;398694.06 1;400322.58 2;400408.32 1;402036.84 2;402122.58 1;403751.1 2;403836.84 1;405465.36 2;405551.1 1;407179.62 2;407265.36 1;408893.88 2;408979.62 1;410608.14 2;410693.88 1;412322.4 2;412408.14 1;414036.66 2;414122.4 1;415750.92 2;415836.66 1;417465.18 2;417550.92 1;419179.44 2;419265.18 1;420893.7 2;420979.44 1;422607.96 2;422693.7 1;424322.22 2;424407.96 1;426036.48 2;426122.22 1;427750.74 2;427836.48 1;429465 2;429550.74 1;431179.26 2;431265 1;432893.52 2;432979.26 1;434607.78 2;434693.52 1;436322.04 2;436407.78 1;438036.3 2;438122.04 1;439750.56 2;439836.3 1;441464.82 2;441550.56 1;443179.08 2;443264.82 1;444893.34 2;444979.08 1;446607.6 2;446693.34 1;448321.86 2;448407.6 1;450036.12 2;450121.86 1;451750.38 2;451836.12 1;453464.64 2;453550.38 1;455178.9 2;455264.64 1;456893.16 2;456978.9 1;458607.42 2;458693.16 1;460321.68 2;460407.42 1;462035.94 2;462121.68 1;463750.2 2;463835.94 1;465464.46 2;465550.2 1;467178.72 2;467264.46 1;468892.98 2;468978.72 1;470607.24 2;470692.98 1;472321.5 2;472407.24 1;474035.76 2;474121.5 1;475750.02 2;475835.76 1;477464.28 2;477550.02 1;479178.54 2;479264.28 1;480892.8 2;480978.54 1;482607.06 2;482692.8 1;484321.32 2;484407.06 1;486035.58 2;486121.32 1;487749.84 2;487835.58 1;489464.1 2;489549.84 1;491178.36 2;491264.1 1;492892.62 2;492978.36 1;494606.88 2;494692.62 1;496321.14 2;496406.88 1;498035.4 2;498121.14 1;499749.66 2;499835.4 1;501463.92 2;501549.66 1;503178.18 2;503263.92 1;504892.44 2;504978.18 1;506606.7 2;506692.44 1;508320.96 2;508406.7 1;510035.22 2;510120.96 1;511749.48 2;511835.22 1;513463.74 2;513549.48 1;515178 2;515263.74 1;516892.26 2;516978 1;518606.52 2;518692.26 1;520320.78 2;520406.52 1;522035.04 2;522120.78 1;523749.3 2;523835.04 1;525463.56 2;525549.3 1;527177.82 2;527263.56 1;528892.08 2;528977.82 1;530606.34 2;530692.08 1;532320.6 2;532406.34 1;534034.86 2;534120.6 1;535749.12 2;535834.86 1;537463.38 2;537549.12 1;539177.64 2;539263.38 1;540891.9 2;540977.64 1;542606.16 2;542691.9 1;544320.42 2;544406.16 1;546034.68 2;546120.42 1;547748.94 2;547834.68 1;549463.2 2;549548.94 1;551177.46 2;551263.2 1;552891.72 2;552977.46 1;554605.98 2;554691.72 1;556320.24 2;556405.98 1;558034.5 2;558120.24 1;559748.76 2;559834.5 1;561463.02 2;561548.76 1;563177.28 2;563263.02 1;564891.54 2;564977.28 1;566605.8 2;566691.54 1;568320.06 2;568405.8 1;570034.32 2;570120.06 1;571748.58 2;571834.32 1;573462.84 2;573548.58 1;575177.1 2;575262.84 1;576891.36 2;576977.1 1;578605.62 2;578691.36 1;580319.88 2;580405.62 1;582034.14 2;582119.88 1;583748.4 2;583834.14 1;585462.66 2;585548.4 1;587176.92 2;587262.66 1;588891.18 2;588976.92 1;590605.44 2;590691.18 1;592319.7 2;592405.44 1;594033.96 2;594119.7 1;595748.22 2;595833.96 1;597462.48 2;597548.22 1;599176.74 2;599262.48 1;600891 2;600976.74 1;602605.26 2;602691 1;604319.52 2;604405.26 1;606033.78 2;606119.52 1;607748.04 2;607833.78 1;609462.3 2;609548.04 1;611176.56 2;611262.3 1;612890.82 2;612976.56 1;614605.08 2;614690.82 1;616319.34 2;616405.08 1;618033.6 2;618119.34 1;619747.86 2;619833.6 1;621462.12 2;621547.86 1;623176.38 2;623262.12 1;624890.64 2;624976.38 1;626604.9 2;626690.64 1;628319.16 2;628404.9 1;630033.42 2;630119.16 1;631747.68 2;631833.42 1;633461.94 2;633547.68 1;635176.2 2;635261.94 1;636890.46 2;636976.2 1;638604.72 2;638690.46 1;640318.98 2;640404.72 1;642033.24 2;642118.98 1;643747.5 2;643833.24 1;645461.76 2;645547.5 1;647176.02 2;647261.76 1;648890.28 2;648976.02 1;650604.54 2;650690.28 1;652318.8 2;652404.54 1;654033.06 2;654118.8 1;655747.32 2;655833.06 1;657461.58 2;657547.32 1;659175.84 2;659261.58 1;660890.1 2;660975.84 1;662604.36 2;662690.1 1;664318.62 2;664404.36 1;666032.88 2;666118.62 1;667747.14 2;667832.88 1;669461.4 2;669547.14 1;671175.66 2;671261.4 1;672889.92 2;672975.66 1;674604.18 2;674689.92 1;676318.44 2;676404.18 1;678032.7 2;678118.44 1;679746.96 2;679832.7 1;681461.22 2;681546.96 1;683175.48 2;683261.22 1;684889.74 2;684975.48 1;686604 2;686689.74 1;688318.26 2;688404 1;690032.52 2;690118.26 1;691746.78 2;691832.52 1;693461.04 2;693546.78 1;695175.3 2;695261.04 1;696889.56 2;696975.3 1;698603.82 2;698689.56 1;700318.08 2;700403.82 1;702032.34 2;702118.08 1;703746.6 2;703832.34 1;705460.86 2;705546.6 1;707175.12 2;707260.86 1;708889.38 2;708975.12 1;710603.64 2;710689.38 1;712317.9 2;712403.64 1;714032.16 2;714117.9 1;715746.42 2;715832.16 1;717460.68 2;717546.42 1;719174.94 2;719260.68 1;720889.2 2;720974.94 1;722603.46 2;722689.2 1;724317.72 2;724403.46 1;726031.98 2;726117.72 1;727746.24 2;727831.98 1;729460.5 2;729546.24 1;731174.76 2;731260.5 1;732889.02 2;732974.76 1;734603.28 2;734689.02 1;736317.54 2;736403.28 1;738031.8 2;738117.54 1;739746.06 2;739831.8 1;741460.32 2;741546.06 1;743174.58 2;743260.32 1;744888.84 2;744974.58 1;746603.1 2;746688.84 1;748317.36 2;748403.1 1;750031.62 2;750117.36 1;751745.88 2;751831.62 1;753460.14 2;753545.88 1;755174.4 2;755260.14 1;756888.66 2;756974.4 1;758602.92 2;758688.66 1;760317.18 2;760402.92 1;762031.44 2;762117.18 1;763745.7 2;763831.44 1;765459.96 2;765545.7 1;767174.22 2;767259.96 1;768888.48 2;768974.22 1;770602.74 2;770688.48 1;772317 2;772402.74 1;774031.26 2;774117 1;775745.52 2;775831.26 1;777459.78 2;777545.52 1;779174.04 2;779259.78 1;780888.3 2;780974.04 1;782602.56 2;782688.3 1;784316.82 2;784402.56 1;786031.08 2;786116.82 1;787745.34 2;787831.08 1;789459.6 2;789545.34 1;791173.86 2;791259.6 1;792888.12 2;792973.86 1;794602.38 2;794688.12 1;796316.64 2;796402.38 1;798030.9 2;798116.64 1;799745.16 2;799830.9 1;801459.42 2;801545.16 1;803173.68 2;803259.42 1;804887.94 2;804973.68 1;806602.2 2;806687.94 1;808316.46 2;808402.2 1;810030.72 2;810116.46 1;811744.98 2;811830.72 1;813459.24 2;813544.98 1;815173.5 2;815259.24 1;816887.76 2;816973.5 1;818602.02 2;818687.76 1;820316.28 2;820402.02 1;822030.54 2;822116.28 1;823744.8 2;823830.54 1;825459.06 2;825544.8 1;827173.32 2;827259.06 1;828887.58 2;828973.32 1;830601.84 2;830687.58 1;832316.1 2;832401.84 1;834030.36 2;834116.1 1;835744.62 2;835830.36 1;837458.88 2;837544.62 1;839173.14 2;839258.88 1;840887.4 2;840973.14 1;842601.66 2;842687.4 1;844315.92 2;844401.66 1;846030.18 2;846115.92 1;847744.44 2;847830.18 1;849458.7 2;849544.44 1;851172.96 2;851258.7 1;852887.22 2;852972.96 1;854601.48 2;854687.22 1;856315.74 2;856401.48 1;858030 2;858115.74 1;859744.26 2;859830 1;861458.52 2;861544.26 1;863172.78 2;863258.52 1;864887.04 2;864972.78 1;866601.3 2;866687.04 1;868315.56 2;868401.3 1;870029.82 2;870115.56 1;871744.08 2;871829.82 1;873458.34 2;873544.08 1;875172.6 2;875258.34 1;876886.86 2;876972.6 1;878601.12 2;878686.86 1;880315.38 2;